0000,0472
0000,0504
0000,0542
0000,0601
0000,0619
0001,0470
0001,0471
0001,0472
0001,0504
0001,0539
0001,0540
0001,0541
0001,0601
0001,0619
0001,0653
0001,0654
0001,0655
0001,0656
0001,0657
0001,0658
0001,0659
0001,0660
0001,0661
0001,0662
0001,0663
0001,0664
0002,0472
0002,0473
0002,0505
0002,0538
0002,0539
0002,0601
0002,0620
0002,0664
0002,0665
0003,0473
0003,0505
0003,0506
0003,0537
0003,0538
0003,0548
0003,0549
0003,0550
0003,0601
0003,0620
0003,0665
0003,0666
0004,0473
0004,0474
0004,0506
0004,0507
0004,0536
0004,0537
0004,0550
0004,0601
0004,0620
0004,0666
0004,0667
0004,0668
0005,0474
0005,0507
0005,0508
0005,0535
0005,0536
0005,0601
0005,0620
0005,0668
0005,0669
0006,0474
0006,0475
0006,0508
0006,0509
0006,0534
0006,0535
0006,0601
0006,0620
0006,0669
0006,0670
0006,0671
0007,0475
0007,0476
0007,0509
0007,0510
0007,0530
0007,0531
0007,0532
0007,0533
0007,0601
0007,0620
0007,0671
0007,0672
0008,0476
0008,0477
0008,0510
0008,0511
0008,0527
0008,0528
0008,0529
0008,0601
0008,0620
0008,0672
0008,0673
0009,0477
0009,0478
0009,0511
0009,0512
0009,0513
0009,0514
0009,0515
0009,0524
0009,0525
0009,0526
0009,0601
0009,0621
0009,0673
0010,0478
0010,0479
0010,0516
0010,0517
0010,0523
0010,0524
0010,0601
0010,0621
0010,0673
0010,0674
0011,0479
0011,0480
0011,0481
0011,0518
0011,0519
0011,0520
0011,0521
0011,0522
0011,0523
0011,0601
0011,0621
0011,0674
0011,0675
0012,0481
0012,0482
0012,0483
0012,0519
0012,0520
0012,0521
0012,0522
0012,0601
0012,0621
0012,0675
0013,0465
0013,0483
0013,0484
0013,0485
0013,0520
0013,0521
0013,0600
0013,0621
0013,0675
0013,0676
0014,0466
0014,0485
0014,0486
0014,0487
0014,0519
0014,0520
0014,0600
0014,0621
0014,0676
0015,0466
0015,0487
0015,0488
0015,0518
0015,0519
0015,0600
0015,0621
0015,0676
0016,0466
0016,0488
0016,0489
0016,0517
0016,0518
0016,0600
0016,0621
0016,0676
0016,0677
0017,0466
0017,0488
0017,0517
0017,0600
0017,0621
0017,0677
0018,0466
0018,0487
0018,0516
0018,0517
0018,0600
0018,0621
0018,0677
0018,0678
0019,0466
0019,0487
0019,0516
0019,0600
0019,0622
0019,0678
0020,0466
0020,0487
0020,0600
0020,0622
0020,0678
0021,0466
0021,0486
0021,0487
0021,0600
0021,0622
0021,0677
0021,0678
0021,0679
0022,0466
0022,0487
0022,0488
0022,0600
0022,0622
0022,0678
0022,0679
0023,0487
0023,0600
0023,0622
0023,0678
0024,0486
0024,0487
0024,0600
0024,0622
0024,0678
0025,0485
0025,0486
0025,0600
0025,0622
0026,0485
0026,0600
0026,0622
0027,0485
0027,0601
0027,0622
0028,0484
0028,0485
0028,0601
0028,0622
0029,0484
0029,0601
0029,0623
0030,0484
0030,0601
0030,0623
0031,0483
0031,0484
0031,0601
0031,0623
0032,0482
0032,0483
0032,0601
0032,0623
0033,0482
0033,0601
0033,0623
0034,0481
0034,0482
0034,0601
0034,0623
0035,0480
0035,0481
0035,0601
0035,0623
0036,0478
0036,0479
0036,0480
0036,0601
0036,0623
0037,0477
0037,0478
0037,0601
0037,0623
0038,0475
0038,0476
0038,0477
0038,0601
0038,0623
0039,0473
0039,0474
0039,0602
0039,0622
0040,0467
0040,0468
0040,0469
0040,0470
0040,0471
0040,0472
0040,0602
0040,0622
0041,0461
0041,0462
0041,0463
0041,0464
0041,0465
0041,0466
0041,0602
0041,0622
0042,0457
0042,0458
0042,0459
0042,0460
0042,0602
0042,0621
0043,0455
0043,0456
0043,0602
0043,0621
0044,0453
0044,0454
0044,0455
0044,0602
0044,0620
0044,0621
0045,0452
0045,0453
0045,0602
0045,0620
0046,0451
0046,0452
0046,0602
0046,0620
0047,0450
0047,0451
0047,0602
0047,0619
0047,0620
0048,0450
0048,0602
0048,0619
0049,0449
0049,0450
0049,0602
0049,0605
0049,0619
0050,0449
0050,0602
0050,0605
0050,0606
0050,0619
0051,0448
0051,0449
0051,0602
0051,0606
0051,0607
0051,0608
0051,0618
0051,0619
0052,0448
0052,0602
0052,0609
0052,0618
0053,0447
0053,0503
0053,0504
0053,0597
0053,0598
0053,0602
0053,0617
0053,0618
0054,0447
0054,0500
0054,0501
0054,0502
0054,0596
0054,0597
0054,0602
0054,0617
0054,0623
0055,0447
0055,0601
0055,0616
0055,0617
0055,0624
0056,0446
0056,0615
0056,0616
0057,0446
0057,0615
0057,0625
0058,0446
0058,0614
0058,0615
0058,0625
0059,0446
0059,0613
0059,0614
0059,0625
0059,0626
0060,0446
0060,0613
0060,0626
0061,0445
0061,0612
0061,0613
0061,0626
0061,0627
0062,0445
0062,0611
0062,0612
0062,0627
0063,0444
0063,0610
0063,0611
0063,0627
0064,0444
0064,0609
0064,0610
0064,0627
0065,0443
0065,0608
0065,0609
0065,0627
0066,0442
0066,0443
0066,0573
0066,0574
0066,0606
0066,0607
0066,0608
0066,0626
0067,0442
0067,0572
0067,0573
0067,0574
0067,0606
0067,0607
0067,0626
0068,0441
0068,0442
0068,0568
0068,0569
0068,0570
0068,0571
0068,0605
0068,0606
0068,0626
0069,0440
0069,0441
0069,0563
0069,0564
0069,0565
0069,0566
0069,0567
0069,0604
0069,0605
0069,0626
0070,0439
0070,0440
0070,0603
0070,0604
0070,0626
0071,0439
0071,0601
0071,0602
0071,0603
0071,0626
0072,0438
0072,0439
0072,0600
0072,0601
0072,0626
0073,0437
0073,0438
0073,0626
0074,0436
0074,0437
0074,0593
0074,0594
0074,0595
0074,0626
0075,0435
0075,0436
0075,0591
0075,0592
0075,0593
0075,0626
0076,0433
0076,0434
0076,0435
0076,0589
0076,0590
0076,0591
0076,0626
0077,0432
0077,0433
0077,0587
0077,0588
0077,0589
0077,0626
0078,0430
0078,0431
0078,0432
0078,0585
0078,0586
0078,0587
0078,0627
0079,0428
0079,0429
0079,0430
0079,0582
0079,0583
0079,0584
0079,0627
0080,0427
0080,0428
0080,0580
0080,0581
0080,0627
0081,0425
0081,0426
0081,0427
0081,0627
0082,0424
0082,0425
0082,0627
0083,0423
0083,0424
0083,0627
0084,0422
0084,0423
0084,0627
0085,0421
0085,0422
0085,0627
0086,0421
0086,0627
0087,0420
0087,0421
0087,0627
0088,0419
0088,0420
0088,0627
0089,0418
0089,0419
0089,0627
0090,0418
0090,0626
0091,0417
0091,0418
0091,0626
0092,0416
0092,0417
0092,0626
0093,0416
0093,0626
0094,0415
0094,0416
0094,0626
0095,0414
0095,0415
0095,0626
0096,0414
0096,0626
0097,0413
0097,0414
0097,0626
0098,0412
0098,0413
0098,0626
0099,0411
0099,0412
0099,0625
0100,0411
0100,0625
0101,0410
0101,0411
0101,0625
0102,0409
0102,0410
0102,0625
0103,0409
0103,0625
0104,0408
0104,0409
0104,0625
0105,0408
0105,0625
0106,0407
0106,0408
0106,0625
0107,0407
0107,0625
0108,0406
0108,0407
0108,0625
0109,0406
0109,0625
0110,0405
0110,0406
0110,0624
0111,0405
0111,0624
0112,0404
0112,0405
0112,0624
0113,0404
0113,0624
0114,0403
0114,0404
0114,0624
0115,0403
0115,0624
0116,0402
0116,0403
0116,0624
0117,0402
0117,0624
0118,0402
0118,0624
0119,0401
0119,0624
0120,0401
0120,0625
0121,0401
0121,0625
0122,0401
0122,0625
0123,0400
0123,0625
0124,0400
0124,0625
0125,0400
0125,0625
0126,0400
0126,0625
0127,0400
0127,0625
0128,0400
0128,0625
0129,0400
0129,0625
0130,0400
0130,0625
0131,0400
0131,0625
0132,0400
0132,0625
0133,0400
0133,0625
0134,0400
0134,0625
0135,0400
0135,0625
0136,0400
0136,0626
0137,0401
0137,0626
0138,0401
0138,0626
0139,0401
0139,0626
0140,0401
0140,0626
0141,0402
0141,0626
0142,0402
0142,0626
0143,0402
0143,0626
0144,0403
0144,0626
0145,0403
0145,0626
0146,0403
0146,0404
0146,0626
0147,0404
0147,0626
0148,0404
0148,0405
0148,0626
0149,0405
0149,0406
0149,0626
0150,0406
0150,0407
0150,0626
0151,0407
0151,0408
0151,0409
0151,0626
0152,0409
0152,0410
0152,0626
0153,0411
0153,0412
0153,0413
0153,0626
0154,0414
0154,0415
0154,0416
0154,0626
0155,0417
0155,0418
0155,0419
0155,0626
0156,0420
0156,0421
0156,0422
0156,0626
0157,0423
0157,0424
0157,0626
0158,0425
0158,0426
0158,0427
0158,0626
0159,0428
0159,0429
0159,0430
0159,0626
0160,0431
0160,0432
0160,0433
0160,0626
0161,0434
0161,0435
0161,0436
0161,0626
0162,0436
0162,0437
0162,0438
0162,0626
0163,0438
0163,0439
0163,0440
0163,0441
0163,0442
0163,0626
0164,0441
0164,0442
0164,0443
0164,0444
0164,0445
0164,0626
0164,0720
0164,0721
0165,0446
0165,0447
0165,0448
0165,0626
0165,0720
0165,0721
0166,0449
0166,0450
0166,0451
0166,0452
0166,0626
0166,0720
0166,0721
0167,0453
0167,0454
0167,0455
0167,0456
0167,0626
0167,0721
0167,0722
0168,0457
0168,0458
0168,0459
0168,0626
0168,0722
0168,0723
0168,0724
0169,0460
0169,0461
0169,0462
0169,0463
0169,0626
0169,0725
0169,0726
0169,0727
0170,0464
0170,0465
0170,0466
0170,0467
0170,0626
0170,0728
0170,0729
0170,0730
0170,0731
0170,0732
0170,0733
0170,0734
0170,0735
0170,0736
0170,0737
0170,0738
0170,0739
0171,0468
0171,0469
0171,0470
0171,0626
0172,0470
0172,0471
0172,0472
0172,0626
0173,0472
0173,0473
0173,0474
0173,0626
0174,0474
0174,0475
0174,0626
0175,0475
0175,0476
0175,0626
0176,0476
0176,0626
0176,0707
0177,0476
0177,0477
0177,0626
0177,0707
0178,0477
0178,0625
0178,0707
0179,0477
0179,0478
0179,0625
0179,0707
0180,0478
0180,0625
0180,0707
0181,0478
0181,0625
0181,0707
0182,0478
0182,0625
0182,0707
0183,0478
0183,0625
0183,0707
0184,0479
0184,0625
0184,0707
0185,0479
0185,0625
0185,0707
0186,0479
0186,0625
0186,0707
0187,0479
0187,0625
0187,0707
0188,0480
0188,0625
0188,0707
0189,0480
0189,0625
0189,0707
0190,0480
0190,0625
0190,0707
0191,0480
0191,0481
0191,0624
0191,0707
0192,0481
0192,0624
0192,0707
0193,0481
0193,0482
0193,0624
0193,0707
0194,0482
0194,0624
0194,0707
0195,0482
0195,0483
0195,0624
0195,0706
0196,0483
0196,0624
0196,0706
0197,0483
0197,0484
0197,0624
0197,0706
0198,0484
0198,0624
0198,0706
0199,0484
0199,0485
0199,0624
0199,0706
0200,0485
0200,0624
0200,0706
0201,0486
0201,0624
0201,0706
0202,0486
0202,0624
0202,0705
0203,0487
0203,0624
0203,0705
0204,0487
0204,0623
0204,0705
0205,0488
0205,0623
0205,0705
0206,0488
0206,0623
0206,0704
0206,0705
0207,0489
0207,0623
0207,0703
0207,0704
0208,0489
0208,0623
0208,0703
0209,0489
0209,0623
0209,0702
0209,0703
0210,0489
0210,0490
0210,0623
0210,0701
0210,0702
0211,0490
0211,0491
0211,0623
0211,0700
0211,0701
0212,0491
0212,0623
0212,0699
0212,0700
0213,0491
0213,0492
0213,0623
0213,0698
0213,0699
0214,0492
0214,0493
0214,0624
0214,0697
0214,0698
0215,0493
0215,0624
0215,0696
0215,0697
0216,0493
0216,0494
0216,0624
0216,0695
0216,0696
0217,0494
0217,0495
0217,0624
0217,0694
0217,0695
0218,0495
0218,0624
0218,0693
0218,0694
0219,0495
0219,0496
0219,0624
0219,0693
0220,0496
0220,0497
0220,0624
0220,0692
0220,0693
0221,0497
0221,0624
0221,0691
0221,0692
0222,0497
0222,0498
0222,0624
0222,0691
0223,0498
0223,0624
0223,0690
0223,0691
0224,0498
0224,0499
0224,0624
0224,0689
0224,0690
0225,0499
0225,0624
0225,0689
0226,0499
0226,0500
0226,0624
0226,0689
0227,0500
0227,0624
0227,0688
0228,0500
0228,0501
0228,0513
0228,0514
0228,0515
0228,0516
0228,0624
0228,0688
0229,0501
0229,0516
0229,0517
0229,0624
0229,0688
0230,0501
0230,0502
0230,0517
0230,0518
0230,0624
0230,0688
0231,0502
0231,0518
0231,0624
0231,0688
0232,0502
0232,0503
0232,0519
0232,0624
0232,0688
0233,0436
0233,0503
0233,0519
0233,0624
0233,0689
0234,0436
0234,0503
0234,0504
0234,0519
0234,0624
0234,0689
0235,0436
0235,0504
0235,0518
0235,0624
0235,0689
0236,0436
0236,0504
0236,0505
0236,0517
0236,0518
0236,0624
0236,0689
0237,0436
0237,0505
0237,0516
0237,0517
0237,0518
0237,0624
0237,0689
0238,0437
0238,0505
0238,0506
0238,0516
0238,0517
0238,0624
0238,0690
0239,0437
0239,0506
0239,0507
0239,0516
0239,0624
0239,0690
0240,0437
0240,0506
0240,0507
0240,0508
0240,0624
0240,0690
0241,0437
0241,0508
0241,0509
0241,0624
0241,0690
0242,0437
0242,0509
0242,0624
0242,0690
0243,0437
0243,0509
0243,0624
0243,0689
0244,0437
0244,0482
0244,0510
0244,0624
0244,0689
0245,0437
0245,0482
0245,0510
0245,0624
0245,0689
0246,0437
0246,0481
0246,0510
0246,0624
0246,0688
0246,0689
0247,0437
0247,0481
0247,0510
0247,0624
0247,0688
0248,0437
0248,0481
0248,0510
0248,0624
0248,0687
0248,0688
0249,0437
0249,0481
0249,0510
0249,0624
0249,0686
0249,0687
0250,0437
0250,0510
0250,0624
0250,0686
0251,0437
0251,0465
0251,0510
0251,0624
0251,0686
0252,0437
0252,0465
0252,0510
0252,0624
0252,0685
0253,0437
0253,0465
0253,0510
0253,0624
0253,0685
0254,0437
0254,0510
0254,0624
0254,0685
0255,0437
0255,0511
0255,0624
0255,0685
0256,0437
0256,0511
0256,0623
0256,0684
0257,0437
0257,0511
0257,0623
0257,0684
0258,0437
0258,0511
0258,0623
0258,0684
0259,0437
0259,0512
0259,0623
0259,0684
0260,0437
0260,0512
0260,0623
0260,0683
0261,0437
0261,0512
0261,0513
0261,0623
0261,0683
0262,0437
0262,0513
0262,0682
0262,0683
0263,0437
0263,0513
0263,0514
0263,0681
0263,0682
0264,0437
0264,0514
0264,0515
0264,0681
0265,0437
0265,0515
0265,0516
0265,0680
0265,0681
0266,0437
0266,0516
0266,0517
0266,0679
0266,0680
0267,0437
0267,0517
0267,0518
0267,0519
0267,0677
0267,0678
0267,0679
0268,0437
0268,0519
0268,0520
0268,0521
0268,0676
0268,0677
0269,0437
0269,0521
0269,0522
0269,0523
0269,0675
0269,0676
0270,0437
0270,0466
0270,0523
0270,0524
0270,0674
0270,0675
0271,0130
0271,0437
0271,0467
0271,0525
0271,0526
0271,0527
0271,0673
0271,0674
0272,0130
0272,0437
0272,0467
0272,0528
0272,0529
0272,0672
0272,0673
0273,0130
0273,0437
0273,0467
0273,0529
0273,0530
0273,0531
0273,0671
0273,0672
0274,0130
0274,0437
0274,0467
0274,0531
0274,0532
0274,0533
0274,0670
0274,0671
0275,0130
0275,0437
0275,0467
0275,0533
0275,0534
0275,0670
0276,0437
0276,0466
0276,0534
0276,0535
0276,0612
0276,0669
0276,0670
0277,0437
0277,0466
0277,0496
0277,0535
0277,0536
0277,0612
0277,0669
0278,0437
0278,0466
0278,0496
0278,0536
0278,0612
0278,0616
0278,0668
0278,0669
0279,0437
0279,0466
0279,0487
0279,0496
0279,0536
0279,0537
0279,0612
0279,0615
0279,0616
0279,0668
0280,0437
0280,0466
0280,0487
0280,0496
0280,0537
0280,0612
0280,0613
0280,0614
0280,0615
0280,0667
0280,0668
0281,0437
0281,0466
0281,0486
0281,0487
0281,0496
0281,0497
0281,0538
0281,0613
0281,0614
0281,0615
0281,0667
0282,0437
0282,0466
0282,0486
0282,0496
0282,0497
0282,0538
0282,0614
0282,0666
0282,0667
0283,0437
0283,0466
0283,0486
0283,0497
0283,0538
0283,0613
0283,0614
0283,0665
0283,0666
0284,0437
0284,0466
0284,0485
0284,0486
0284,0497
0284,0539
0284,0612
0284,0613
0284,0664
0284,0665
0285,0437
0285,0466
0285,0485
0285,0497
0285,0539
0285,0612
0285,0613
0285,0663
0285,0664
0286,0437
0286,0466
0286,0484
0286,0485
0286,0497
0286,0539
0286,0563
0286,0612
0286,0662
0286,0663
0287,0437
0287,0466
0287,0484
0287,0497
0287,0540
0287,0563
0287,0611
0287,0661
0287,0662
0288,0437
0288,0466
0288,0484
0288,0497
0288,0540
0288,0563
0288,0611
0288,0660
0288,0661
0289,0437
0289,0466
0289,0483
0289,0497
0289,0540
0289,0563
0289,0611
0289,0659
0289,0660
0290,0437
0290,0466
0290,0483
0290,0497
0290,0541
0290,0563
0290,0611
0290,0658
0290,0659
0291,0437
0291,0466
0291,0483
0291,0497
0291,0541
0291,0563
0291,0611
0291,0658
0292,0137
0292,0437
0292,0466
0292,0483
0292,0496
0292,0541
0292,0542
0292,0563
0292,0611
0292,0657
0292,0658
0293,0137
0293,0437
0293,0466
0293,0482
0293,0496
0293,0542
0293,0563
0293,0611
0293,0656
0293,0657
0294,0137
0294,0437
0294,0466
0294,0482
0294,0496
0294,0542
0294,0543
0294,0562
0294,0611
0294,0655
0294,0656
0295,0137
0295,0437
0295,0466
0295,0482
0295,0496
0295,0543
0295,0562
0295,0611
0295,0655
0296,0138
0296,0437
0296,0466
0296,0482
0296,0495
0296,0543
0296,0544
0296,0561
0296,0562
0296,0611
0296,0655
0297,0138
0297,0437
0297,0466
0297,0482
0297,0494
0297,0495
0297,0544
0297,0561
0297,0611
0297,0654
0298,0138
0298,0437
0298,0466
0298,0482
0298,0494
0298,0544
0298,0545
0298,0560
0298,0561
0298,0611
0298,0654
0299,0138
0299,0437
0299,0467
0299,0482
0299,0493
0299,0494
0299,0545
0299,0560
0299,0611
0299,0654
0300,0138
0300,0437
0300,0467
0300,0481
0300,0482
0300,0483
0300,0492
0300,0493
0300,0545
0300,0546
0300,0611
0300,0654
0301,0138
0301,0437
0301,0467
0301,0481
0301,0482
0301,0483
0301,0492
0301,0546
0301,0556
0301,0557
0301,0611
0301,0654
0302,0138
0302,0437
0302,0467
0302,0492
0302,0546
0302,0556
0302,0611
0302,0654
0303,0139
0303,0437
0303,0467
0303,0547
0303,0611
0303,0654
0304,0139
0304,0437
0304,0467
0304,0547
0304,0611
0304,0654
0305,0139
0305,0437
0305,0467
0305,0548
0305,0611
0305,0653
0306,0139
0306,0437
0306,0467
0306,0548
0306,0611
0306,0653
0307,0139
0307,0437
0307,0467
0307,0548
0307,0611
0307,0653
0308,0139
0308,0437
0308,0467
0308,0549
0308,0611
0308,0652
0309,0139
0309,0437
0309,0467
0309,0549
0309,0611
0309,0651
0309,0652
0310,0139
0310,0437
0310,0467
0310,0549
0310,0611
0310,0651
0311,0139
0311,0437
0311,0467
0311,0550
0311,0611
0311,0650
0311,0651
0312,0139
0312,0437
0312,0467
0312,0550
0312,0551
0312,0611
0312,0649
0312,0650
0313,0139
0313,0437
0313,0467
0313,0551
0313,0611
0313,0648
0313,0649
0314,0139
0314,0437
0314,0466
0314,0551
0314,0552
0314,0611
0314,0647
0314,0648
0315,0139
0315,0437
0315,0466
0315,0552
0315,0553
0315,0611
0315,0647
0316,0139
0316,0437
0316,0466
0316,0553
0316,0554
0316,0611
0316,0623
0316,0646
0316,0647
0317,0139
0317,0437
0317,0466
0317,0554
0317,0612
0317,0623
0317,0645
0317,0646
0318,0139
0318,0437
0318,0466
0318,0554
0318,0555
0318,0612
0318,0623
0318,0644
0318,0645
0319,0139
0319,0437
0319,0466
0319,0555
0319,0556
0319,0612
0319,0623
0319,0624
0319,0643
0319,0644
0320,0139
0320,0437
0320,0466
0320,0556
0320,0557
0320,0612
0320,0642
0320,0643
0321,0139
0321,0437
0321,0466
0321,0557
0321,0558
0321,0612
0321,0640
0321,0641
0321,0642
0322,0138
0322,0437
0322,0466
0322,0558
0322,0559
0322,0560
0322,0571
0322,0572
0322,0573
0322,0574
0322,0575
0322,0576
0322,0577
0322,0578
0322,0579
0322,0612
0322,0624
0322,0625
0322,0626
0322,0627
0322,0628
0322,0639
0322,0640
0323,0138
0323,0437
0323,0466
0323,0560
0323,0561
0323,0562
0323,0563
0323,0564
0323,0565
0323,0566
0323,0567
0323,0568
0323,0569
0323,0570
0323,0580
0323,0581
0323,0582
0323,0612
0323,0622
0323,0623
0323,0629
0323,0630
0323,0631
0323,0632
0323,0633
0323,0634
0323,0635
0323,0636
0323,0637
0323,0638
0324,0138
0324,0437
0324,0466
0324,0564
0324,0582
0324,0583
0324,0584
0324,0612
0324,0620
0324,0621
0325,0137
0325,0437
0325,0466
0325,0584
0325,0585
0325,0586
0325,0612
0326,0137
0326,0437
0326,0466
0326,0586
0326,0587
0326,0612
0327,0136
0327,0137
0327,0437
0327,0467
0327,0587
0327,0588
0327,0612
0328,0135
0328,0136
0328,0437
0328,0467
0328,0588
0328,0589
0328,0612
0329,0135
0329,0437
0329,0467
0329,0589
0329,0590
0329,0612
0330,0134
0330,0135
0330,0437
0330,0467
0330,0590
0330,0591
0330,0612
0331,0133
0331,0134
0331,0437
0331,0467
0331,0591
0331,0592
0331,0612
0332,0132
0332,0133
0332,0437
0332,0467
0332,0591
0332,0592
0332,0593
0332,0612
0333,0132
0333,0437
0333,0467
0333,0593
0333,0594
0333,0611
0333,0612
0334,0131
0334,0132
0334,0437
0334,0467
0334,0594
0334,0595
0334,0611
0335,0131
0335,0437
0335,0467
0335,0595
0335,0596
0335,0597
0335,0610
0335,0611
0336,0130
0336,0131
0336,0437
0336,0467
0336,0597
0336,0598
0336,0610
0337,0130
0337,0437
0337,0467
0337,0598
0337,0599
0337,0600
0337,0609
0337,0610
0338,0129
0338,0130
0338,0437
0338,0467
0338,0599
0338,0600
0338,0601
0338,0602
0338,0603
0338,0606
0338,0607
0338,0608
0338,0609
0339,0129
0339,0437
0339,0467
0339,0604
0339,0605
0339,0606
0339,0607
0339,0608
0340,0128
0340,0129
0340,0437
0340,0467
0341,0127
0341,0128
0341,0437
0341,0467
0342,0127
0342,0437
0342,0467
0343,0110
0343,0111
0343,0112
0343,0113
0343,0114
0343,0115
0343,0116
0343,0117
0343,0118
0343,0126
0343,0127
0343,0437
0343,0467
0344,0107
0344,0108
0344,0109
0344,0119
0344,0125
0344,0126
0344,0437
0344,0468
0345,0106
0345,0107
0345,0437
0345,0468
0346,0105
0346,0437
0346,0468
0347,0104
0347,0437
0347,0468
0348,0103
0348,0104
0348,0437
0348,0468
0349,0102
0349,0103
0349,0437
0349,0468
0350,0102
0350,0437
0350,0468
0351,0102
0351,0437
0351,0468
0352,0101
0352,0102
0352,0437
0352,0468
0353,0101
0353,0437
0353,0468
0353,0469
0354,0101
0354,0437
0354,0468
0354,0469
0354,0470
0355,0100
0355,0101
0355,0437
0355,0468
0355,0469
0355,0470
0355,0471
0356,0100
0356,0437
0357,0100
0357,0437
0358,0099
0358,0100
0358,0437
0359,0098
0359,0099
0359,0437
0360,0098
0360,0437
0360,0487
0361,0098
0361,0437
0361,0487
0362,0098
0362,0437
0362,0487
0363,0097
0363,0437
0363,0487
0364,0097
0364,0437
0364,0486
0365,0097
0365,0437
0365,0486
0366,0097
0366,0437
0366,0469
0366,0486
0367,0096
0367,0437
0367,0470
0367,0471
0367,0472
0367,0485
0368,0096
0368,0437
0368,0468
0368,0469
0368,0470
0368,0471
0368,0485
0369,0096
0369,0437
0369,0468
0369,0469
0369,0470
0369,0485
0370,0096
0370,0437
0370,0468
0370,0469
0370,0470
0370,0484
0371,0096
0371,0437
0371,0468
0371,0469
0371,0484
0372,0096
0372,0437
0372,0468
0372,0483
0373,0096
0373,0437
0373,0468
0373,0483
0374,0096
0374,0437
0374,0468
0374,0482
0375,0096
0375,0437
0375,0468
0375,0482
0376,0096
0376,0437
0376,0467
0376,0482
0377,0096
0377,0437
0377,0467
0377,0482
0378,0096
0378,0437
0378,0467
0378,0482
0379,0096
0379,0097
0379,0437
0379,0467
0379,0482
0380,0097
0380,0098
0380,0437
0380,0467
0380,0482
0381,0098
0381,0437
0381,0467
0381,0482
0382,0098
0382,0099
0382,0437
0382,0467
0383,0099
0383,0437
0383,0467
0384,0099
0384,0100
0384,0437
0384,0467
0385,0100
0385,0437
0385,0467
0386,0100
0386,0101
0386,0437
0386,0467
0387,0101
0387,0437
0387,0467
0388,0101
0388,0102
0388,0437
0388,0467
0389,0102
0389,0437
0389,0467
0390,0102
0390,0103
0390,0437
0390,0467
0391,0103
0391,0437
0391,0467
0392,0437
0392,0467
0393,0437
0393,0467
0394,0437
0394,0467
0395,0438
0395,0467
0396,0438
0396,0467
0397,0438
0397,0467
0398,0438
0398,0467
0399,0438
0399,0467
0400,0438
0400,0468
0401,0438
0401,0468
0402,0114
0402,0438
0402,0468
0403,0114
0403,0115
0403,0116
0403,0438
0403,0468
0404,0114
0404,0115
0404,0116
0404,0438
0404,0468
0405,0116
0405,0117
0405,0437
0405,0468
0406,0117
0406,0437
0406,0468
0407,0117
0407,0437
0407,0468
0408,0117
0408,0437
0408,0468
0409,0117
0409,0437
0409,0468
0410,0117
0410,0437
0410,0468
0411,0117
0411,0437
0411,0468
0412,0117
0412,0437
0412,0468
0413,0117
0413,0437
0413,0469
0414,0117
0414,0437
0414,0469
0415,0117
0415,0437
0415,0469
0416,0117
0416,0437
0416,0469
0417,0116
0417,0437
0417,0469
0418,0116
0418,0437
0418,0469
0419,0115
0419,0116
0419,0437
0419,0469
0420,0115
0420,0437
0420,0469
0421,0114
0421,0115
0421,0437
0421,0469
0422,0113
0422,0114
0422,0437
0422,0469
0423,0112
0423,0113
0423,0437
0423,0469
0424,0111
0424,0112
0424,0437
0424,0469
0425,0110
0425,0111
0425,0437
0425,0469
0426,0109
0426,0110
0426,0437
0426,0469
0427,0108
0427,0109
0427,0438
0427,0469
0428,0108
0428,0438
0428,0469
0429,0107
0429,0108
0429,0438
0429,0468
0430,0107
0430,0438
0430,0468
0431,0106
0431,0107
0431,0438
0431,0468
0432,0105
0432,0106
0432,0438
0432,0468
0432,0506
0433,0105
0433,0438
0433,0468
0433,0469
0433,0504
0433,0505
0433,0506
0434,0104
0434,0105
0434,0438
0434,0469
0434,0470
0434,0504
0434,0505
0434,0506
0435,0104
0435,0438
0435,0470
0435,0471
0435,0496
0435,0497
0435,0504
0435,0505
0435,0506
0436,0103
0436,0104
0436,0438
0436,0463
0436,0464
0436,0465
0436,0471
0436,0495
0436,0496
0436,0504
0436,0505
0437,0103
0437,0438
0437,0461
0437,0462
0437,0471
0437,0472
0437,0494
0437,0495
0437,0504
0437,0505
0438,0102
0438,0103
0438,0438
0438,0459
0438,0460
0438,0472
0438,0473
0438,0493
0438,0494
0438,0504
0438,0505
0439,0102
0439,0438
0439,0457
0439,0458
0439,0459
0439,0473
0439,0493
0439,0504
0439,0505
0440,0101
0440,0102
0440,0438
0440,0456
0440,0457
0440,0473
0440,0492
0440,0493
0440,0504
0440,0505
0441,0100
0441,0101
0441,0438
0441,0455
0441,0456
0441,0474
0441,0491
0441,0492
0441,0505
0442,0100
0442,0438
0442,0454
0442,0455
0442,0474
0442,0490
0442,0491
0442,0505
0443,0099
0443,0100
0443,0438
0443,0453
0443,0454
0443,0474
0443,0490
0443,0505
0444,0099
0444,0439
0444,0452
0444,0453
0444,0474
0444,0489
0444,0490
0444,0506
0445,0099
0445,0439
0445,0452
0445,0474
0445,0489
0445,0506
0446,0099
0446,0451
0446,0452
0446,0474
0446,0489
0446,0506
0447,0098
0447,0450
0447,0451
0447,0474
0447,0489
0447,0505
0448,0098
0448,0449
0448,0450
0448,0473
0448,0489
0448,0505
0449,0098
0449,0448
0449,0449
0449,0473
0449,0489
0449,0505
0450,0098
0450,0448
0450,0473
0450,0489
0450,0505
0451,0098
0451,0447
0451,0448
0451,0473
0451,0489
0451,0505
0452,0098
0452,0446
0452,0447
0452,0473
0452,0489
0452,0505
0453,0098
0453,0445
0453,0446
0453,0473
0453,0489
0453,0505
0454,0098
0454,0444
0454,0445
0454,0474
0454,0490
0454,0505
0455,0098
0455,0443
0455,0444
0455,0445
0455,0474
0455,0490
0455,0505
0456,0098
0456,0443
0456,0444
0456,0474
0456,0490
0456,0505
0457,0098
0457,0442
0457,0443
0457,0475
0457,0490
0457,0505
0458,0098
0458,0442
0458,0443
0458,0475
0458,0490
0458,0505
0459,0098
0459,0442
0459,0475
0459,0491
0459,0505
0460,0098
0460,0441
0460,0442
0460,0476
0460,0491
0460,0505
0461,0098
0461,0440
0461,0441
0461,0476
0461,0491
0461,0505
0462,0098
0462,0440
0462,0476
0462,0491
0462,0492
0462,0505
0463,0098
0463,0439
0463,0440
0463,0476
0463,0492
0463,0505
0464,0098
0464,0438
0464,0439
0464,0477
0464,0492
0464,0493
0464,0505
0465,0099
0465,0438
0465,0477
0465,0493
0465,0494
0465,0504
0465,0505
0466,0099
0466,0437
0466,0438
0466,0477
0466,0493
0466,0494
0466,0495
0466,0496
0466,0497
0466,0503
0466,0504
0466,0505
0467,0099
0467,0436
0467,0437
0467,0477
0467,0492
0467,0493
0467,0495
0467,0496
0467,0497
0467,0498
0467,0503
0467,0504
0468,0099
0468,0436
0468,0477
0468,0492
0468,0499
0468,0502
0468,0503
0469,0099
0469,0435
0469,0436
0469,0477
0469,0500
0469,0501
0469,0502
0470,0099
0470,0434
0470,0435
0470,0477
0470,0500
0470,0501
0471,0099
0471,0434
0471,0477
0471,0500
0472,0099
0472,0433
0472,0434
0472,0477
0472,0489
0472,0500
0473,0099
0473,0432
0473,0433
0473,0477
0474,0099
0474,0431
0474,0432
0474,0477
0474,0484
0474,0485
0475,0100
0475,0430
0475,0431
0475,0477
0475,0486
0475,0487
0475,0488
0475,0489
0475,0490
0476,0100
0476,0429
0476,0430
0476,0477
0476,0491
0477,0100
0477,0428
0477,0429
0477,0477
0477,0494
0477,0495
0477,0496
0478,0100
0478,0101
0478,0427
0478,0428
0478,0476
0478,0494
0478,0495
0478,0496
0479,0101
0479,0426
0479,0427
0479,0476
0479,0495
0479,0496
0480,0101
0480,0425
0480,0426
0480,0476
0480,0496
0480,0497
0481,0101
0481,0102
0481,0423
0481,0424
0481,0425
0481,0476
0481,0497
0482,0102
0482,0422
0482,0423
0482,0476
0482,0497
0483,0102
0483,0103
0483,0421
0483,0422
0483,0476
0483,0497
0484,0103
0484,0420
0484,0421
0484,0476
0484,0497
0484,0532
0485,0104
0485,0419
0485,0420
0485,0476
0485,0497
0485,0532
0486,0104
0486,0418
0486,0419
0486,0476
0486,0497
0486,0532
0487,0104
0487,0417
0487,0418
0487,0476
0487,0497
0487,0533
0488,0104
0488,0417
0488,0497
0488,0533
0489,0105
0489,0416
0489,0417
0489,0498
0489,0533
0490,0105
0490,0106
0490,0415
0490,0416
0490,0498
0490,0533
0491,0106
0491,0414
0491,0415
0491,0498
0491,0533
0492,0106
0492,0413
0492,0414
0492,0498
0492,0533
0492,0581
0492,0582
0493,0106
0493,0107
0493,0413
0493,0498
0493,0533
0493,0581
0494,0107
0494,0412
0494,0413
0494,0499
0494,0533
0494,0580
0494,0581
0495,0107
0495,0108
0495,0412
0495,0499
0495,0533
0495,0579
0495,0580
0496,0108
0496,0109
0496,0411
0496,0412
0496,0499
0496,0533
0496,0579
0497,0109
0497,0110
0497,0411
0497,0499
0497,0533
0497,0578
0497,0579
0498,0110
0498,0111
0498,0411
0498,0499
0498,0533
0498,0578
0498,0595
0499,0111
0499,0112
0499,0410
0499,0499
0499,0533
0499,0577
0499,0578
0499,0595
0500,0112
0500,0113
0500,0410
0500,0499
0500,0533
0500,0577
0500,0595
0501,0113
0501,0114
0501,0115
0501,0410
0501,0499
0501,0576
0501,0594
0502,0115
0502,0116
0502,0410
0502,0499
0502,0576
0502,0594
0503,0116
0503,0117
0503,0118
0503,0409
0503,0477
0503,0499
0503,0576
0503,0594
0504,0118
0504,0119
0504,0409
0504,0476
0504,0477
0504,0499
0504,0576
0504,0594
0505,0119
0505,0120
0505,0409
0505,0476
0505,0499
0505,0576
0505,0594
0506,0120
0506,0121
0506,0408
0506,0476
0506,0499
0506,0575
0506,0594
0507,0121
0507,0122
0507,0408
0507,0475
0507,0476
0507,0499
0507,0575
0507,0593
0508,0122
0508,0123
0508,0408
0508,0475
0508,0499
0508,0575
0508,0593
0509,0123
0509,0407
0509,0474
0509,0499
0509,0575
0509,0593
0510,0123
0510,0124
0510,0407
0510,0474
0510,0499
0510,0575
0510,0593
0511,0124
0511,0407
0511,0474
0511,0499
0511,0575
0511,0593
0512,0124
0512,0125
0512,0406
0512,0474
0512,0499
0512,0575
0512,0593
0513,0125
0513,0126
0513,0406
0513,0474
0513,0499
0513,0575
0513,0593
0514,0126
0514,0406
0514,0474
0514,0499
0514,0575
0514,0593
0515,0126
0515,0127
0515,0406
0515,0474
0515,0499
0515,0574
0515,0593
0516,0127
0516,0405
0516,0406
0516,0474
0516,0499
0516,0574
0517,0127
0517,0128
0517,0406
0517,0474
0517,0499
0517,0574
0518,0128
0518,0406
0518,0475
0518,0499
0518,0574
0519,0128
0519,0129
0519,0406
0519,0475
0519,0499
0519,0574
0520,0129
0520,0406
0520,0475
0520,0499
0520,0574
0521,0129
0521,0130
0521,0406
0521,0475
0521,0499
0521,0574
0522,0130
0522,0407
0522,0475
0522,0499
0522,0575
0523,0130
0523,0131
0523,0407
0523,0475
0523,0500
0523,0575
0524,0131
0524,0407
0524,0408
0524,0475
0524,0500
0524,0575
0525,0131
0525,0408
0525,0475
0525,0500
0525,0575
0526,0131
0526,0408
0526,0475
0526,0500
0526,0575
0527,0131
0527,0408
0527,0475
0527,0501
0527,0575
0528,0131
0528,0408
0528,0475
0528,0501
0528,0575
0529,0131
0529,0408
0529,0475
0529,0501
0529,0575
0530,0132
0530,0409
0530,0475
0530,0501
0530,0575
0531,0132
0531,0409
0531,0475
0531,0501
0531,0575
0532,0409
0532,0475
0532,0501
0533,0408
0533,0475
0533,0501
0534,0408
0534,0475
0534,0501
0535,0408
0535,0476
0535,0501
0536,0408
0536,0476
0536,0501
0537,0407
0537,0408
0537,0476
0537,0501
0538,0407
0538,0476
0538,0477
0538,0501
0539,0406
0539,0407
0539,0477
0539,0501
0540,0406
0540,0441
0540,0477
0540,0478
0540,0502
0541,0405
0541,0406
0541,0440
0541,0441
0541,0478
0541,0479
0541,0502
0542,0404
0542,0405
0542,0439
0542,0440
0542,0479
0542,0502
0543,0404
0543,0439
0543,0479
0543,0480
0543,0502
0543,0597
0544,0403
0544,0404
0544,0438
0544,0439
0544,0480
0544,0481
0544,0502
0544,0597
0545,0402
0545,0403
0545,0437
0545,0438
0545,0480
0545,0481
0545,0502
0545,0572
0545,0597
0546,0401
0546,0402
0546,0437
0546,0481
0546,0482
0546,0502
0546,0572
0546,0597
0546,0598
0547,0401
0547,0436
0547,0437
0547,0482
0547,0502
0547,0571
0547,0572
0547,0598
0548,0400
0548,0401
0548,0435
0548,0436
0548,0483
0548,0502
0548,0571
0548,0598
0549,0399
0549,0400
0549,0435
0549,0436
0549,0483
0549,0570
0549,0571
0549,0598
0549,0599
0550,0398
0550,0399
0550,0483
0550,0570
0550,0599
0551,0398
0551,0484
0551,0570
0551,0599
0551,0600
0552,0397
0552,0398
0552,0484
0552,0570
0552,0600
0553,0396
0553,0397
0553,0484
0553,0569
0553,0600
0554,0396
0554,0485
0554,0569
0554,0600
0554,0601
0555,0395
0555,0396
0555,0485
0555,0569
0555,0601
0556,0394
0556,0395
0556,0485
0556,0569
0556,0601
0557,0394
0557,0485
0557,0486
0557,0569
0557,0601
0558,0393
0558,0394
0558,0485
0558,0486
0558,0487
0558,0569
0558,0601
0559,0393
0559,0486
0559,0487
0559,0569
0559,0602
0560,0392
0560,0393
0560,0486
0560,0487
0560,0488
0560,0569
0560,0602
0561,0392
0561,0486
0561,0487
0561,0488
0561,0489
0561,0490
0561,0491
0561,0492
0561,0493
0561,0497
0561,0498
0561,0499
0561,0500
0561,0569
0561,0602
0562,0391
0562,0392
0562,0486
0562,0494
0562,0495
0562,0496
0562,0499
0562,0500
0562,0569
0562,0602
0563,0391
0563,0485
0563,0500
0563,0501
0563,0529
0563,0569
0563,0602
0564,0391
0564,0485
0564,0501
0564,0569
0564,0601
0565,0390
0565,0484
0565,0501
0565,0569
0565,0601
0566,0389
0566,0390
0566,0483
0566,0502
0566,0569
0566,0601
0567,0389
0567,0483
0567,0502
0567,0569
0567,0601
0568,0388
0568,0389
0568,0483
0568,0502
0568,0569
0568,0601
0569,0387
0569,0388
0569,0483
0569,0501
0569,0569
0569,0601
0570,0387
0570,0483
0570,0501
0570,0569
0570,0601
0571,0386
0571,0387
0571,0482
0571,0483
0571,0501
0571,0569
0571,0601
0572,0386
0572,0482
0572,0501
0572,0569
0572,0600
0573,0141
0573,0385
0573,0386
0573,0482
0573,0500
0573,0501
0573,0569
0573,0600
0574,0141
0574,0385
0574,0481
0574,0482
0574,0500
0574,0569
0574,0600
0575,0141
0575,0384
0575,0385
0575,0481
0575,0499
0575,0500
0575,0568
0575,0600
0576,0142
0576,0384
0576,0481
0576,0499
0576,0568
0576,0600
0577,0142
0577,0384
0577,0481
0577,0494
0577,0498
0577,0499
0577,0568
0577,0600
0578,0142
0578,0383
0578,0384
0578,0480
0578,0495
0578,0497
0578,0498
0578,0568
0578,0600
0579,0141
0579,0383
0579,0480
0579,0496
0579,0497
0579,0568
0579,0600
0580,0141
0580,0382
0580,0383
0580,0480
0580,0495
0580,0496
0580,0568
0580,0600
0581,0141
0581,0382
0581,0480
0581,0495
0581,0568
0582,0141
0582,0381
0582,0382
0582,0480
0582,0568
0583,0141
0583,0380
0583,0381
0583,0480
0583,0568
0583,0612
0584,0141
0584,0380
0584,0481
0584,0568
0584,0612
0585,0141
0585,0380
0585,0481
0585,0482
0585,0568
0585,0611
0586,0140
0586,0380
0586,0482
0586,0483
0586,0568
0586,0611
0587,0140
0587,0379
0587,0483
0587,0484
0587,0568
0587,0611
0588,0140
0588,0379
0588,0484
0588,0485
0588,0486
0588,0568
0588,0611
0589,0140
0589,0379
0589,0407
0589,0486
0589,0487
0589,0488
0589,0568
0589,0611
0590,0140
0590,0379
0590,0407
0590,0488
0590,0489
0590,0490
0590,0568
0590,0611
0591,0140
0591,0379
0591,0406
0591,0407
0591,0490
0591,0491
0591,0492
0591,0540
0591,0541
0591,0568
0591,0610
0592,0140
0592,0379
0592,0406
0592,0492
0592,0493
0592,0541
0592,0542
0592,0568
0592,0610
0593,0140
0593,0379
0593,0405
0593,0406
0593,0493
0593,0494
0593,0542
0593,0567
0593,0610
0594,0140
0594,0379
0594,0405
0594,0494
0594,0495
0594,0542
0594,0567
0594,0610
0595,0140
0595,0379
0595,0495
0595,0567
0595,0610
0596,0140
0596,0380
0596,0495
0596,0496
0596,0567
0596,0610
0597,0140
0597,0380
0597,0496
0597,0567
0597,0609
0598,0140
0598,0380
0598,0497
0598,0567
0598,0609
0599,0140
0599,0380
0599,0497
0599,0567
0599,0609
0600,0140
0600,0381
0600,0497
0600,0567
0600,0609
0601,0140
0601,0381
0601,0497
0601,0566
0601,0609
0602,0140
0602,0381
0602,0497
0602,0566
0602,0609
0603,0381
0603,0498
0603,0566
0603,0608
0604,0380
0604,0498
0604,0566
0604,0608
0605,0140
0605,0380
0605,0498
0605,0566
0605,0608
0606,0140
0606,0380
0606,0499
0606,0566
0606,0608
0607,0140
0607,0380
0607,0499
0607,0566
0607,0608
0608,0140
0608,0380
0608,0500
0608,0566
0608,0608
0609,0140
0609,0380
0609,0501
0609,0565
0609,0608
0610,0140
0610,0379
0610,0501
0610,0565
0610,0608
0611,0139
0611,0379
0611,0502
0611,0565
0611,0608
0612,0139
0612,0379
0612,0502
0612,0565
0612,0608
0613,0139
0613,0379
0613,0502
0613,0565
0613,0609
0614,0139
0614,0379
0614,0502
0614,0565
0614,0609
0615,0138
0615,0379
0615,0502
0615,0565
0615,0609
0616,0138
0616,0379
0616,0502
0616,0565
0616,0609
0617,0138
0617,0378
0617,0502
0617,0564
0617,0609
0618,0138
0618,0378
0618,0501
0618,0502
0618,0564
0618,0609
0619,0138
0619,0378
0619,0500
0619,0501
0619,0564
0619,0610
0620,0137
0620,0378
0620,0500
0620,0564
0620,0610
0621,0137
0621,0378
0621,0499
0621,0500
0621,0564
0621,0610
0622,0137
0622,0378
0622,0498
0622,0499
0622,0564
0622,0610
0623,0137
0623,0378
0623,0498
0623,0564
0623,0611
0624,0137
0624,0378
0624,0497
0624,0563
0624,0611
0625,0137
0625,0378
0625,0497
0625,0563
0625,0611
0626,0137
0626,0378
0626,0496
0626,0563
0626,0611
0627,0137
0627,0378
0627,0496
0627,0563
0627,0611
0628,0137
0628,0378
0628,0496
0628,0563
0628,0612
0629,0137
0629,0378
0629,0496
0629,0563
0629,0612
0630,0137
0630,0378
0630,0495
0630,0563
0630,0612
0631,0137
0631,0378
0631,0495
0631,0562
0631,0612
0632,0138
0632,0377
0632,0495
0632,0546
0632,0562
0632,0612
0633,0138
0633,0377
0633,0495
0633,0546
0633,0562
0633,0612
0634,0138
0634,0377
0634,0495
0634,0545
0634,0546
0634,0562
0634,0612
0635,0139
0635,0377
0635,0495
0635,0545
0635,0562
0635,0612
0636,0139
0636,0377
0636,0495
0636,0545
0636,0561
0636,0612
0637,0139
0637,0377
0637,0494
0637,0544
0637,0545
0637,0561
0637,0612
0638,0139
0638,0376
0638,0377
0638,0494
0638,0544
0638,0561
0638,0612
0639,0139
0639,0375
0639,0376
0639,0494
0639,0544
0639,0561
0639,0612
0640,0140
0640,0375
0640,0494
0640,0543
0640,0544
0640,0560
0640,0612
0641,0140
0641,0374
0641,0375
0641,0494
0641,0531
0641,0543
0641,0544
0641,0560
0641,0612
0642,0139
0642,0374
0642,0494
0642,0531
0642,0543
0642,0560
0642,0612
0643,0139
0643,0373
0643,0374
0643,0493
0643,0531
0643,0542
0643,0560
0643,0612
0644,0139
0644,0372
0644,0373
0644,0493
0644,0531
0644,0542
0644,0560
0644,0613
0645,0139
0645,0372
0645,0493
0645,0531
0645,0542
0645,0559
0645,0613
0645,0614
0646,0139
0646,0371
0646,0372
0646,0493
0646,0530
0646,0542
0646,0559
0646,0614
0647,0139
0647,0371
0647,0493
0647,0530
0647,0542
0647,0559
0647,0614
0647,0615
0648,0139
0648,0370
0648,0371
0648,0494
0648,0530
0648,0542
0648,0559
0648,0615
0648,0616
0648,0617
0648,0618
0649,0138
0649,0370
0649,0494
0649,0530
0649,0542
0649,0559
0649,0619
0649,0620
0649,0621
0650,0138
0650,0370
0650,0494
0650,0530
0650,0542
0650,0559
0651,0138
0651,0370
0651,0494
0651,0530
0651,0542
0651,0559
0651,0627
0652,0138
0652,0370
0652,0494
0652,0530
0652,0542
0652,0543
0652,0559
0652,0627
0653,0138
0653,0370
0653,0495
0653,0530
0653,0543
0653,0544
0653,0559
0653,0627
0654,0138
0654,0370
0654,0495
0654,0530
0654,0544
0654,0545
0654,0558
0654,0627
0654,0628
0655,0138
0655,0369
0655,0370
0655,0495
0655,0530
0655,0545
0655,0546
0655,0558
0655,0628
0656,0369
0656,0495
0656,0530
0656,0546
0656,0547
0656,0558
0656,0628
0657,0368
0657,0369
0657,0495
0657,0530
0657,0547
0657,0548
0657,0557
0657,0558
0657,0628
0658,0368
0658,0495
0658,0530
0658,0548
0658,0549
0658,0557
0658,0628
0659,0367
0659,0368
0659,0496
0659,0530
0659,0549
0659,0550
0659,0556
0659,0557
0659,0628
0660,0366
0660,0367
0660,0496
0660,0530
0660,0551
0660,0552
0660,0553
0660,0554
0660,0555
0660,0556
0660,0628
0661,0365
0661,0366
0661,0496
0661,0530
0661,0555
0661,0628
0661,0629
0662,0365
0662,0496
0662,0530
0662,0628
0662,0629
0663,0364
0663,0365
0663,0496
0663,0530
0664,0363
0664,0364
0664,0496
0664,0530
0665,0363
0665,0496
0666,0362
0666,0363
0666,0496
0667,0362
0667,0496
0668,0362
0668,0496
0669,0361
0669,0496
0670,0361
0670,0496
0671,0361
0671,0496
0672,0360
0672,0496
0673,0360
0673,0496
0674,0360
0674,0497
0675,0359
0675,0497
0675,0643
0676,0359
0676,0497
0676,0643
0677,0359
0677,0497
0677,0643
0678,0359
0678,0497
0678,0643
0679,0358
0679,0497
0679,0643
0680,0358
0680,0497
0680,0643
0681,0358
0681,0497
0681,0643
0682,0358
0682,0497
0682,0643
0683,0358
0683,0497
0683,0643
0684,0358
0684,0497
0684,0643
0685,0358
0685,0497
0685,0643
0686,0358
0686,0497
0686,0643
0687,0358
0687,0497
0687,0643
0688,0358
0688,0496
0688,0643
0689,0359
0689,0496
0689,0642
0690,0359
0690,0496
0690,0642
0691,0359
0691,0368
0691,0369
0691,0496
0691,0642
0692,0359
0692,0496
0692,0642
0693,0360
0693,0496
0693,0642
0694,0360
0694,0496
0694,0642
0695,0360
0695,0497
0695,0642
0696,0360
0696,0497
0696,0642
0696,0662
0697,0360
0697,0497
0697,0641
0697,0662
0698,0360
0698,0497
0698,0641
0698,0662
0699,0360
0699,0393
0699,0394
0699,0395
0699,0498
0699,0523
0699,0641
0699,0662
0700,0359
0700,0392
0700,0393
0700,0498
0700,0523
0700,0662
0701,0359
0701,0391
0701,0392
0701,0498
0701,0523
0701,0662
0702,0358
0702,0390
0702,0391
0702,0498
0702,0523
0702,0662
0703,0358
0703,0389
0703,0390
0703,0498
0703,0523
0703,0662
0704,0358
0704,0388
0704,0389
0704,0404
0704,0497
0704,0498
0704,0523
0704,0662
0705,0357
0705,0358
0705,0387
0705,0388
0705,0389
0705,0404
0705,0496
0705,0497
0705,0498
0705,0522
0705,0662
0706,0357
0706,0386
0706,0387
0706,0388
0706,0389
0706,0403
0706,0458
0706,0495
0706,0496
0706,0497
0706,0498
0706,0522
0706,0663
0707,0356
0707,0357
0707,0385
0707,0386
0707,0458
0707,0494
0707,0495
0707,0497
0707,0498
0707,0522
0707,0663
0708,0356
0708,0384
0708,0385
0708,0458
0708,0493
0708,0494
0708,0498
0708,0522
0708,0663
0709,0355
0709,0356
0709,0384
0709,0458
0709,0493
0709,0498
0709,0522
0709,0663
0710,0355
0710,0383
0710,0384
0710,0458
0710,0498
0710,0663
0711,0354
0711,0355
0711,0381
0711,0382
0711,0383
0711,0457
0711,0458
0711,0497
0711,0663
0712,0354
0712,0380
0712,0381
0712,0457
0712,0497
0712,0663
0713,0353
0713,0379
0713,0380
0713,0456
0713,0457
0713,0462
0713,0463
0713,0496
0713,0663
0714,0353
0714,0379
0714,0455
0714,0456
0714,0495
0714,0663
0715,0353
0715,0378
0715,0379
0715,0455
0715,0494
0715,0663
0716,0352
0716,0378
0716,0454
0716,0455
0716,0494
0716,0663
0717,0352
0717,0378
0717,0453
0717,0454
0717,0494
0717,0663
0718,0351
0718,0377
0718,0378
0718,0452
0718,0453
0718,0494
0718,0495
0718,0663
0719,0351
0719,0377
0719,0451
0719,0452
0719,0495
0719,0496
0719,0663
0720,0350
0720,0377
0720,0450
0720,0451
0720,0496
0720,0497
0720,0663
0721,0145
0721,0350
0721,0377
0721,0450
0721,0497
0721,0498
0721,0663
0722,0145
0722,0350
0722,0377
0722,0449
0722,0450
0722,0498
0722,0499
0722,0663
0723,0145
0723,0349
0723,0376
0723,0377
0723,0448
0723,0449
0723,0499
0723,0500
0723,0501
0723,0663
0724,0145
0724,0349
0724,0376
0724,0448
0724,0501
0724,0502
0724,0503
0724,0664
0725,0145
0725,0349
0725,0376
0725,0447
0725,0448
0725,0503
0725,0504
0725,0505
0725,0508
0725,0509
0725,0510
0725,0511
0725,0512
0725,0513
0725,0514
0725,0515
0725,0664
0726,0145
0726,0349
0726,0375
0726,0376
0726,0446
0726,0447
0726,0505
0726,0506
0726,0507
0726,0516
0726,0517
0727,0145
0727,0348
0727,0375
0727,0446
0728,0145
0728,0348
0728,0375
0729,0145
0729,0348
0729,0374
0729,0445
0730,0145
0730,0348
0730,0374
0730,0444
0731,0348
0731,0374
0731,0444
0732,0348
0732,0374
0732,0444
0733,0348
0733,0374
0733,0443
0733,0444
0734,0349
0734,0374
0734,0443
0734,0471
0734,0472
0734,0473
0734,0474
0734,0475
0734,0476
0734,0477
0735,0349
0735,0374
0735,0443
0735,0470
0735,0471
0735,0478
0735,0479
0735,0480
0735,0481
0735,0482
0735,0483
0735,0484
0736,0349
0736,0374
0736,0375
0736,0442
0736,0443
0736,0468
0736,0469
0736,0470
0737,0349
0737,0374
0737,0375
0737,0376
0737,0442
0737,0467
0737,0468
0738,0349
0738,0376
0738,0377
0738,0441
0738,0442
0739,0349
0739,0377
0739,0378
0740,0349
0741,0349
0742,0349
0742,0434
0742,0435
0742,0520
0743,0349
0743,0425
0743,0426
0743,0427
0743,0428
0743,0429
0743,0430
0743,0431
0743,0432
0743,0433
0743,0519
0743,0520
0744,0349
0744,0418
0744,0419
0744,0420
0744,0421
0744,0422
0744,0423
0744,0424
0744,0425
0744,0458
0744,0459
0744,0518
0744,0519
0744,0530
0745,0349
0745,0419
0745,0420
0745,0421
0745,0422
0745,0457
0745,0458
0745,0517
0745,0518
0745,0519
0745,0529
0746,0349
0746,0419
0746,0420
0746,0457
0746,0513
0746,0514
0746,0515
0746,0516
0746,0517
0746,0527
0746,0528
0747,0349
0747,0456
0747,0457
0747,0486
0747,0487
0747,0511
0747,0512
0747,0513
0747,0522
0747,0528
0747,0529
0748,0349
0748,0455
0748,0456
0748,0484
0748,0485
0748,0486
0748,0509
0748,0510
0748,0511
0748,0529
0748,0674
0749,0129
0749,0349
0749,0454
0749,0455
0749,0482
0749,0483
0749,0484
0749,0508
0749,0509
0749,0529
0749,0530
0750,0128
0750,0129
0750,0349
0750,0453
0750,0454
0750,0478
0750,0479
0750,0480
0750,0481
0750,0482
0750,0507
0750,0508
0750,0530
0751,0127
0751,0128
0751,0349
0751,0453
0751,0506
0751,0507
0751,0530
0751,0531
0752,0127
0752,0349
0752,0506
0752,0531
0753,0126
0753,0349
0753,0505
0753,0506
0753,0531
0754,0126
0754,0348
0754,0505
0754,0531
0755,0125
0755,0348
0755,0505
0755,0531
0756,0125
0756,0348
0756,0505
0756,0531
0756,0677
0757,0125
0757,0347
0757,0505
0757,0531
0757,0677
0758,0125
0758,0347
0758,0505
0758,0531
0758,0677
0759,0124
0759,0347
0759,0505
0759,0531
0759,0677
0760,0124
0760,0346
0760,0485
0760,0505
0760,0531
0760,0677
0761,0124
0761,0346
0761,0505
0761,0531
0761,0677
0762,0124
0762,0345
0762,0504
0762,0531
0762,0677
0763,0124
0763,0345
0763,0504
0763,0531
0763,0677
0764,0124
0764,0345
0764,0504
0764,0531
0764,0677
0765,0123
0765,0344
0765,0504
0765,0531
0765,0677
0766,0123
0766,0344
0766,0504
0766,0531
0766,0677
0767,0122
0767,0123
0767,0343
0767,0504
0767,0532
0767,0559
0767,0677
0768,0121
0768,0122
0768,0343
0768,0504
0768,0532
0768,0559
0768,0677
0769,0120
0769,0121
0769,0343
0769,0504
0769,0532
0769,0559
0769,0677
0770,0119
0770,0120
0770,0342
0770,0504
0770,0532
0770,0559
0770,0677
0771,0118
0771,0119
0771,0342
0771,0503
0771,0559
0771,0677
0772,0117
0772,0118
0772,0342
0772,0503
0772,0559
0772,0677
0773,0116
0773,0117
0773,0342
0773,0503
0773,0559
0773,0677
0774,0115
0774,0116
0774,0341
0774,0502
0774,0503
0774,0545
0774,0559
0774,0677
0775,0114
0775,0115
0775,0341
0775,0501
0775,0502
0775,0545
0775,0559
0775,0677
0776,0113
0776,0114
0776,0341
0776,0432
0776,0500
0776,0501
0776,0545
0776,0559
0776,0677
0777,0112
0777,0113
0777,0341
0777,0428
0777,0429
0777,0430
0777,0431
0777,0499
0777,0500
0777,0545
0777,0559
0777,0677
0778,0112
0778,0341
0778,0496
0778,0497
0778,0498
0778,0499
0778,0544
0778,0559
0778,0677
0779,0111
0779,0112
0779,0341
0779,0342
0779,0492
0779,0493
0779,0494
0779,0495
0779,0559
0779,0677
0780,0111
0780,0343
0780,0489
0780,0490
0780,0491
0780,0559
0780,0677
0781,0110
0781,0111
0781,0344
0781,0487
0781,0488
0781,0559
0781,0678
0782,0110
0782,0345
0782,0486
0782,0487
0782,0559
0782,0678
0783,0109
0783,0345
0783,0485
0783,0486
0783,0559
0783,0678
0784,0109
0784,0345
0784,0447
0784,0448
0784,0484
0784,0485
0784,0559
0784,0678
0785,0109
0785,0345
0785,0446
0785,0447
0785,0558
0785,0678
0786,0108
0786,0345
0786,0445
0786,0446
0786,0558
0786,0678
0787,0108
0787,0345
0787,0444
0787,0445
0787,0509
0787,0510
0787,0511
0787,0512
0787,0513
0787,0514
0787,0515
0787,0516
0787,0517
0787,0518
0787,0519
0787,0520
0787,0558
0787,0678
0788,0108
0788,0345
0788,0442
0788,0443
0788,0444
0788,0504
0788,0505
0788,0506
0788,0507
0788,0508
0788,0520
0788,0521
0788,0525
0788,0526
0788,0527
0788,0558
0788,0678
0789,0108
0789,0336
0789,0345
0789,0441
0789,0442
0789,0501
0789,0502
0789,0503
0789,0521
0789,0522
0789,0523
0789,0524
0789,0525
0789,0526
0789,0528
0789,0558
0789,0678
0790,0107
0790,0335
0790,0345
0790,0440
0790,0441
0790,0498
0790,0499
0790,0500
0790,0523
0790,0524
0790,0525
0790,0526
0790,0527
0790,0558
0790,0678
0791,0107
0791,0334
0791,0335
0791,0345
0791,0346
0791,0348
0791,0437
0791,0438
0791,0439
0791,0440
0791,0495
0791,0496
0791,0497
0791,0498
0791,0525
0791,0526
0791,0527
0791,0543
0791,0558
0792,0108
0792,0334
0792,0346
0792,0347
0792,0348
0792,0349
0792,0434
0792,0435
0792,0436
0792,0437
0792,0494
0792,0495
0792,0543
0792,0558
0793,0108
0793,0333
0793,0334
0793,0346
0793,0349
0793,0430
0793,0431
0793,0432
0793,0433
0793,0492
0793,0493
0793,0494
0793,0543
0793,0558
0794,0108
0794,0333
0794,0425
0794,0426
0794,0427
0794,0428
0794,0429
0794,0491
0794,0492
0794,0543
0794,0558
0795,0109
0795,0332
0795,0333
0795,0419
0795,0420
0795,0421
0795,0422
0795,0423
0795,0424
0795,0489
0795,0490
0795,0491
0795,0522
0795,0543
0795,0558
0796,0110
0796,0332
0796,0417
0796,0418
0796,0488
0796,0489
0796,0543
0796,0558
0797,0110
0797,0331
0797,0487
0797,0488
0797,0544
0797,0558
0798,0111
0798,0263
0798,0264
0798,0265
0798,0266
0798,0267
0798,0268
0798,0269
0798,0270
0798,0271
0798,0272
0798,0273
0798,0274
0798,0275
0798,0276
0798,0277
0798,0278
0798,0279
0798,0331
0798,0485
0798,0486
0798,0487
0798,0544
0798,0558
0799,0112
0799,0253
0799,0254
0799,0255
0799,0256
0799,0257
0799,0258
0799,0259
0799,0260
0799,0261
0799,0262
0799,0280
0799,0281
0799,0282
0799,0283
0799,0331
0799,0482
0799,0483
0799,0484
0799,0544
0799,0558
0800,0112
0800,0249
0800,0250
0800,0251
0800,0252
0800,0284
0800,0285
0800,0286
0800,0331
0800,0469
0800,0470
0800,0471
0800,0472
0800,0473
0800,0474
0800,0475
0800,0476
0800,0477
0800,0478
0800,0479
0800,0480
0800,0481
0800,0544
0800,0558
0801,0112
0801,0247
0801,0248
0801,0286
0801,0287
0801,0288
0801,0330
0801,0466
0801,0467
0801,0468
0801,0544
0801,0557
0802,0112
0802,0244
0802,0245
0802,0246
0802,0288
0802,0289
0802,0330
0802,0465
0802,0466
0802,0544
0802,0557
0803,0112
0803,0243
0803,0244
0803,0289
0803,0290
0803,0330
0803,0464
0803,0465
0803,0544
0803,0557
0804,0112
0804,0241
0804,0242
0804,0243
0804,0290
0804,0291
0804,0292
0804,0329
0804,0463
0804,0464
0804,0544
0804,0557
0805,0112
0805,0239
0805,0240
0805,0241
0805,0291
0805,0292
0805,0329
0805,0463
0805,0543
0805,0557
0806,0111
0806,0237
0806,0238
0806,0239
0806,0292
0806,0293
0806,0329
0806,0462
0806,0463
0806,0543
0806,0557
0807,0111
0807,0236
0807,0237
0807,0293
0807,0294
0807,0329
0807,0461
0807,0462
0807,0543
0807,0556
0808,0111
0808,0112
0808,0234
0808,0235
0808,0236
0808,0294
0808,0295
0808,0329
0808,0460
0808,0461
0808,0543
0808,0556
0809,0111
0809,0232
0809,0233
0809,0295
0809,0296
0809,0328
0809,0460
0809,0543
0809,0556
0810,0110
0810,0111
0810,0230
0810,0231
0810,0296
0810,0297
0810,0328
0810,0459
0810,0460
0810,0543
0810,0556
0811,0109
0811,0110
0811,0228
0811,0229
0811,0297
0811,0298
0811,0328
0811,0458
0811,0459
0811,0543
0811,0556
0812,0109
0812,0226
0812,0227
0812,0298
0812,0299
0812,0328
0812,0329
0812,0458
0812,0543
0812,0556
0813,0108
0813,0109
0813,0225
0813,0226
0813,0299
0813,0300
0813,0328
0813,0457
0813,0458
0813,0523
0813,0543
0813,0556
0814,0108
0814,0224
0814,0225
0814,0300
0814,0301
0814,0327
0814,0328
0814,0456
0814,0457
0814,0523
0814,0524
0814,0525
0814,0543
0814,0556
0815,0108
0815,0222
0815,0223
0815,0224
0815,0301
0815,0302
0815,0327
0815,0454
0815,0455
0815,0456
0815,0523
0815,0524
0815,0556
0816,0108
0816,0221
0816,0222
0816,0302
0816,0303
0816,0326
0816,0327
0816,0453
0816,0454
0816,0522
0816,0523
0816,0556
0817,0107
0817,0221
0817,0303
0817,0304
0817,0325
0817,0326
0817,0452
0817,0453
0817,0521
0817,0522
0817,0556
0818,0107
0818,0220
0818,0221
0818,0304
0818,0305
0818,0325
0818,0450
0818,0451
0818,0452
0818,0519
0818,0520
0818,0521
0818,0556
0819,0107
0819,0219
0819,0220
0819,0305
0819,0306
0819,0324
0819,0325
0819,0449
0819,0450
0819,0518
0819,0519
0819,0556
0820,0106
0820,0218
0820,0219
0820,0306
0820,0307
0820,0323
0820,0324
0820,0448
0820,0449
0820,0516
0820,0517
0820,0518
0820,0556
0821,0106
0821,0217
0821,0218
0821,0307
0821,0308
0821,0322
0821,0323
0821,0515
0821,0516
0821,0556
0822,0106
0822,0217
0822,0307
0822,0308
0822,0309
0822,0320
0822,0321
0822,0322
0822,0513
0822,0514
0822,0515
0822,0556
0823,0106
0823,0216
0823,0217
0823,0309
0823,0310
0823,0319
0823,0320
0823,0512
0823,0513
0824,0106
0824,0215
0824,0216
0824,0310
0824,0311
0824,0312
0824,0313
0824,0314
0824,0315
0824,0316
0824,0317
0824,0318
0824,0511
0824,0512
0825,0106
0825,0215
0825,0312
0825,0315
0825,0510
0825,0511
0826,0106
0826,0214
0826,0215
0826,0510
0827,0106
0827,0214
0827,0412
0827,0509
0827,0510
0828,0106
0828,0214
0828,0412
0828,0508
0828,0509
0829,0106
0829,0213
0829,0411
0829,0412
0829,0459
0829,0460
0829,0461
0829,0462
0829,0463
0829,0508
0830,0106
0830,0213
0830,0410
0830,0411
0830,0454
0830,0455
0830,0456
0830,0457
0830,0458
0830,0507
0830,0508
0831,0106
0831,0213
0831,0408
0831,0409
0831,0410
0831,0453
0831,0506
0831,0507
0832,0106
0832,0212
0832,0407
0832,0408
0832,0506
0833,0105
0833,0212
0833,0405
0833,0406
0833,0407
0833,0505
0833,0506
0833,0528
0833,0555
0834,0105
0834,0212
0834,0401
0834,0402
0834,0403
0834,0404
0834,0405
0834,0505
0834,0527
0834,0528
0834,0555
0834,0763
0834,0764
0835,0105
0835,0212
0835,0403
0835,0504
0835,0505
0835,0526
0835,0527
0835,0555
0835,0566
0835,0567
0835,0762
0835,0763
0836,0104
0836,0211
0836,0381
0836,0503
0836,0504
0836,0526
0836,0555
0836,0566
0836,0567
0836,0761
0836,0762
0837,0104
0837,0211
0837,0380
0837,0381
0837,0503
0837,0525
0837,0526
0837,0555
0837,0567
0837,0760
0837,0761
0838,0103
0838,0104
0838,0211
0838,0379
0838,0380
0838,0502
0838,0503
0838,0525
0838,0555
0838,0567
0838,0759
0838,0760
0839,0103
0839,0211
0839,0379
0839,0502
0839,0524
0839,0525
0839,0555
0839,0568
0839,0758
0839,0759
0840,0102
0840,0103
0840,0211
0840,0378
0840,0379
0840,0501
0840,0502
0840,0524
0840,0555
0840,0568
0840,0757
0840,0758
0841,0102
0841,0211
0841,0377
0841,0378
0841,0501
0841,0524
0841,0554
0841,0555
0841,0568
0841,0756
0841,0757
0842,0101
0842,0102
0842,0210
0842,0375
0842,0376
0842,0377
0842,0500
0842,0501
0842,0523
0842,0554
0842,0568
0842,0755
0842,0756
0843,0100
0843,0101
0843,0210
0843,0374
0843,0375
0843,0431
0843,0469
0843,0500
0843,0512
0843,0523
0843,0554
0843,0568
0843,0754
0843,0755
0844,0100
0844,0210
0844,0372
0844,0373
0844,0374
0844,0431
0844,0469
0844,0499
0844,0500
0844,0512
0844,0523
0844,0554
0844,0567
0844,0753
0844,0754
0845,0099
0845,0100
0845,0210
0845,0371
0845,0372
0845,0430
0845,0431
0845,0468
0845,0469
0845,0470
0845,0498
0845,0499
0845,0512
0845,0523
0845,0554
0845,0567
0845,0752
0845,0753
0846,0099
0846,0100
0846,0210
0846,0219
0846,0220
0846,0369
0846,0370
0846,0371
0846,0431
0846,0432
0846,0469
0846,0470
0846,0498
0846,0512
0846,0522
0846,0553
0846,0554
0846,0567
0846,0751
0846,0752
0847,0099
0847,0210
0847,0211
0847,0218
0847,0221
0847,0222
0847,0223
0847,0224
0847,0367
0847,0368
0847,0369
0847,0432
0847,0433
0847,0469
0847,0497
0847,0498
0847,0511
0847,0522
0847,0553
0847,0750
0847,0751
0848,0099
0848,0210
0848,0211
0848,0212
0848,0224
0848,0225
0848,0365
0848,0366
0848,0367
0848,0433
0848,0434
0848,0469
0848,0490
0848,0491
0848,0495
0848,0496
0848,0497
0848,0511
0848,0522
0848,0553
0848,0710
0848,0711
0848,0712
0848,0713
0848,0717
0848,0718
0848,0719
0848,0720
0848,0721
0848,0722
0848,0723
0848,0724
0848,0725
0849,0099
0849,0210
0849,0211
0849,0212
0849,0225
0849,0226
0849,0363
0849,0364
0849,0365
0849,0434
0849,0435
0849,0436
0849,0468
0849,0469
0849,0489
0849,0491
0849,0492
0849,0493
0849,0494
0849,0495
0849,0511
0849,0522
0849,0552
0849,0553
0849,0714
0849,0715
0849,0716
0849,0726
0849,0727
0850,0098
0850,0210
0850,0211
0850,0212
0850,0213
0850,0226
0850,0227
0850,0362
0850,0363
0850,0436
0850,0437
0850,0467
0850,0468
0850,0488
0850,0492
0850,0493
0850,0511
0850,0522
0850,0552
0850,0564
0851,0098
0851,0210
0851,0211
0851,0213
0851,0214
0851,0227
0851,0228
0851,0361
0851,0362
0851,0437
0851,0438
0851,0466
0851,0467
0851,0486
0851,0487
0851,0488
0851,0510
0851,0522
0851,0551
0851,0552
0851,0564
0852,0098
0852,0210
0852,0228
0852,0229
0852,0360
0852,0361
0852,0438
0852,0439
0852,0465
0852,0466
0852,0485
0852,0486
0852,0510
0852,0551
0852,0564
0853,0098
0853,0209
0853,0229
0853,0230
0853,0359
0853,0360
0853,0439
0853,0440
0853,0464
0853,0465
0853,0484
0853,0485
0853,0510
0853,0550
0853,0551
0853,0563
0854,0098
0854,0209
0854,0230
0854,0231
0854,0304
0854,0305
0854,0357
0854,0358
0854,0359
0854,0440
0854,0441
0854,0462
0854,0463
0854,0464
0854,0483
0854,0484
0854,0510
0854,0550
0854,0563
0855,0098
0855,0231
0855,0232
0855,0304
0855,0356
0855,0357
0855,0441
0855,0442
0855,0460
0855,0461
0855,0462
0855,0483
0855,0510
0855,0550
0855,0563
0856,0098
0856,0232
0856,0233
0856,0303
0856,0304
0856,0355
0856,0356
0856,0442
0856,0443
0856,0458
0856,0459
0856,0460
0856,0482
0856,0483
0856,0509
0856,0549
0856,0562
0857,0098
0857,0233
0857,0234
0857,0302
0857,0303
0857,0354
0857,0355
0857,0443
0857,0444
0857,0482
0857,0509
0857,0549
0857,0562
0858,0098
0858,0206
0858,0234
0858,0235
0858,0302
0858,0353
0858,0354
0858,0481
0858,0482
0858,0509
0858,0549
0858,0562
0859,0097
0859,0206
0859,0235
0859,0236
0859,0301
0859,0302
0859,0352
0859,0353
0859,0480
0859,0481
0859,0509
0859,0549
0859,0562
0860,0097
0860,0205
0860,0206
0860,0236
0860,0301
0860,0352
0860,0480
0860,0509
0860,0548
0860,0562
0861,0097
0861,0204
0861,0205
0861,0236
0861,0237
0861,0300
0861,0301
0861,0352
0861,0479
0861,0480
0861,0548
0861,0562
0862,0096
0862,0203
0862,0204
0862,0206
0862,0237
0862,0238
0862,0299
0862,0300
0862,0479
0862,0548
0862,0562
0863,0096
0863,0202
0863,0203
0863,0207
0863,0238
0863,0239
0863,0299
0863,0478
0863,0479
0863,0548
0863,0561
0863,0562
0864,0095
0864,0096
0864,0201
0864,0202
0864,0208
0864,0239
0864,0240
0864,0298
0864,0299
0864,0477
0864,0478
0864,0547
0864,0561
0865,0095
0865,0200
0865,0201
0865,0240
0865,0241
0865,0298
0865,0477
0865,0546
0865,0547
0865,0561
0866,0094
0866,0095
0866,0199
0866,0200
0866,0241
0866,0242
0866,0297
0866,0298
0866,0477
0866,0542
0866,0543
0866,0544
0866,0545
0866,0546
0866,0561
0867,0094
0867,0199
0867,0242
0867,0296
0867,0297
0867,0476
0867,0477
0867,0539
0867,0540
0867,0541
0867,0542
0867,0560
0867,0561
0868,0093
0868,0094
0868,0198
0868,0199
0868,0242
0868,0243
0868,0296
0868,0476
0868,0537
0868,0538
0868,0539
0868,0560
0869,0093
0869,0197
0869,0198
0869,0243
0869,0244
0869,0295
0869,0296
0869,0475
0869,0476
0869,0536
0869,0537
0869,0560
0870,0093
0870,0197
0870,0244
0870,0245
0870,0294
0870,0295
0870,0475
0870,0535
0870,0536
0870,0559
0871,0092
0871,0197
0871,0293
0871,0294
0871,0475
0871,0534
0871,0535
0871,0559
0872,0092
0872,0197
0872,0292
0872,0293
0872,0474
0872,0475
0872,0534
0872,0559
0873,0092
0873,0196
0873,0290
0873,0291
0873,0292
0873,0474
0873,0533
0873,0534
0873,0558
0874,0091
0874,0196
0874,0289
0874,0290
0874,0346
0874,0347
0874,0348
0874,0473
0874,0474
0874,0533
0874,0558
0875,0091
0875,0196
0875,0287
0875,0288
0875,0289
0875,0348
0875,0349
0875,0350
0875,0351
0875,0472
0875,0473
0875,0532
0875,0533
0875,0558
0876,0091
0876,0196
0876,0285
0876,0286
0876,0287
0876,0351
0876,0352
0876,0353
0876,0354
0876,0472
0876,0532
0876,0558
0877,0091
0877,0196
0877,0283
0877,0284
0877,0285
0877,0354
0877,0355
0877,0471
0877,0472
0877,0531
0877,0532
0877,0557
0878,0090
0878,0196
0878,0281
0878,0282
0878,0283
0878,0355
0878,0356
0878,0357
0878,0470
0878,0471
0878,0531
0878,0557
0879,0090
0879,0196
0879,0280
0879,0281
0879,0358
0879,0359
0879,0360
0879,0361
0879,0362
0879,0363
0879,0470
0879,0514
0879,0515
0879,0530
0879,0531
0879,0556
0880,0090
0880,0196
0880,0279
0880,0280
0880,0364
0880,0365
0880,0366
0880,0367
0880,0469
0880,0470
0880,0514
0880,0530
0880,0556
0881,0090
0881,0196
0881,0277
0881,0278
0881,0279
0881,0367
0881,0368
0881,0369
0881,0468
0881,0469
0881,0513
0881,0514
0881,0529
0881,0530
0881,0556
0882,0090
0882,0196
0882,0276
0882,0277
0882,0368
0882,0369
0882,0467
0882,0468
0882,0513
0882,0529
0882,0555
0883,0090
0883,0196
0883,0275
0883,0276
0883,0367
0883,0368
0883,0369
0883,0467
0883,0513
0883,0528
0883,0529
0883,0555
0884,0090
0884,0196
0884,0273
0884,0274
0884,0275
0884,0369
0884,0370
0884,0466
0884,0513
0884,0528
0884,0555
0885,0089
0885,0195
0885,0229
0885,0230
0885,0272
0885,0273
0885,0466
0885,0527
0885,0528
0885,0554
0886,0089
0886,0195
0886,0228
0886,0229
0886,0270
0886,0271
0886,0466
0886,0526
0886,0527
0886,0554
0887,0089
0887,0227
0887,0228
0887,0268
0887,0269
0887,0465
0887,0525
0887,0526
0887,0554
0888,0089
0888,0227
0888,0263
0888,0264
0888,0265
0888,0266
0888,0267
0888,0465
0888,0523
0888,0524
0888,0525
0888,0554
0889,0089
0889,0258
0889,0259
0889,0260
0889,0261
0889,0262
0889,0465
0889,0520
0889,0521
0889,0522
0889,0523
0889,0554
0890,0089
0890,0254
0890,0255
0890,0256
0890,0257
0890,0464
0890,0513
0890,0514
0890,0515
0890,0516
0890,0517
0890,0518
0890,0519
0890,0520
0890,0553
0891,0088
0891,0251
0891,0252
0891,0253
0891,0254
0891,0421
0891,0422
0891,0423
0891,0424
0891,0425
0891,0426
0891,0464
0891,0512
0891,0513
0891,0553
0892,0088
0892,0251
0892,0252
0892,0253
0892,0418
0892,0419
0892,0420
0892,0427
0892,0428
0892,0464
0892,0510
0892,0511
0892,0512
0892,0553
0893,0088
0893,0250
0893,0251
0893,0368
0893,0369
0893,0417
0893,0418
0893,0428
0893,0429
0893,0430
0893,0431
0893,0464
0893,0509
0893,0510
0893,0553
0894,0088
0894,0366
0894,0367
0894,0368
0894,0415
0894,0416
0894,0417
0894,0430
0894,0431
0894,0432
0894,0464
0894,0487
0894,0488
0894,0489
0894,0490
0894,0491
0894,0492
0894,0493
0894,0494
0894,0507
0894,0508
0894,0509
0894,0552
0895,0088
0895,0365
0895,0366
0895,0414
0895,0415
0895,0431
0895,0432
0895,0433
0895,0441
0895,0442
0895,0463
0895,0485
0895,0486
0895,0487
0895,0495
0895,0496
0895,0497
0895,0498
0895,0499
0895,0500
0895,0501
0895,0502
0895,0503
0895,0504
0895,0505
0895,0506
0895,0507
0895,0552
0896,0087
0896,0364
0896,0365
0896,0413
0896,0414
0896,0434
0896,0435
0896,0436
0896,0437
0896,0438
0896,0439
0896,0440
0896,0441
0896,0442
0896,0443
0896,0444
0896,0445
0896,0462
0896,0463
0896,0484
0896,0485
0896,0503
0896,0504
0896,0505
0896,0506
0896,0551
0896,0552
0897,0087
0897,0363
0897,0364
0897,0412
0897,0413
0897,0445
0897,0446
0897,0447
0897,0461
0897,0462
0897,0463
0897,0484
0897,0504
0897,0505
0897,0551
0898,0087
0898,0363
0898,0411
0898,0412
0898,0447
0898,0448
0898,0449
0898,0461
0898,0462
0898,0463
0898,0484
0898,0550
0898,0551
0899,0087
0899,0362
0899,0363
0899,0410
0899,0411
0899,0449
0899,0450
0899,0461
0899,0462
0899,0550
0900,0087
0900,0362
0900,0408
0900,0409
0900,0410
0900,0450
0900,0451
0900,0452
0900,0460
0900,0461
0900,0550
0901,0087
0901,0361
0901,0362
0901,0407
0901,0408
0901,0452
0901,0453
0901,0454
0901,0550
0902,0087
0902,0361
0902,0406
0902,0407
0902,0454
0902,0455
0902,0550
0903,0087
0903,0361
0903,0404
0903,0405
0903,0406
0903,0456
0903,0457
0903,0550
0904,0087
0904,0257
0904,0258
0904,0259
0904,0260
0904,0321
0904,0361
0904,0403
0904,0404
0904,0458
0904,0459
0904,0550
0905,0087
0905,0261
0905,0262
0905,0263
0905,0264
0905,0265
0905,0266
0905,0267
0905,0320
0905,0321
0905,0361
0905,0402
0905,0403
0905,0460
0905,0461
0905,0500
0905,0550
0906,0087
0906,0266
0906,0267
0906,0268
0906,0320
0906,0361
0906,0400
0906,0401
0906,0402
0906,0462
0906,0463
0906,0499
0906,0550
0907,0087
0907,0186
0907,0319
0907,0320
0907,0360
0907,0361
0907,0399
0907,0400
0907,0463
0907,0549
0908,0087
0908,0088
0908,0186
0908,0318
0908,0319
0908,0360
0908,0398
0908,0399
0908,0463
0908,0464
0908,0549
0909,0087
0909,0088
0909,0186
0909,0187
0909,0317
0909,0318
0909,0360
0909,0397
0909,0398
0909,0464
0909,0465
0909,0495
0909,0496
0909,0549
0910,0087
0910,0088
0910,0186
0910,0317
0910,0359
0910,0360
0910,0396
0910,0397
0910,0465
0910,0466
0910,0467
0910,0468
0910,0474
0910,0494
0910,0495
0910,0549
0911,0185
0911,0186
0911,0316
0911,0359
0911,0394
0911,0395
0911,0396
0911,0441
0911,0442
0911,0443
0911,0466
0911,0468
0911,0469
0911,0493
0911,0494
0911,0549
0912,0185
0912,0237
0912,0238
0912,0239
0912,0240
0912,0241
0912,0242
0912,0243
0912,0316
0912,0358
0912,0359
0912,0391
0912,0392
0912,0393
0912,0394
0912,0437
0912,0438
0912,0439
0912,0440
0912,0469
0912,0492
0912,0493
0912,0549
0913,0184
0913,0185
0913,0244
0913,0315
0913,0357
0913,0358
0913,0435
0913,0436
0913,0469
0913,0492
0913,0549
0914,0184
0914,0269
0914,0315
0914,0356
0914,0357
0914,0434
0914,0435
0914,0469
0914,0491
0914,0492
0914,0549
0915,0184
0915,0267
0915,0268
0915,0269
0915,0314
0915,0355
0915,0356
0915,0433
0915,0434
0915,0470
0915,0492
0915,0548
0916,0183
0916,0265
0916,0266
0916,0267
0916,0313
0916,0314
0916,0354
0916,0355
0916,0432
0916,0433
0916,0470
0916,0548
0917,0183
0917,0255
0917,0256
0917,0257
0917,0261
0917,0262
0917,0263
0917,0264
0917,0265
0917,0313
0917,0353
0917,0354
0917,0431
0917,0432
0917,0449
0917,0470
0917,0507
0917,0508
0917,0548
0918,0183
0918,0258
0918,0259
0918,0260
0918,0312
0918,0313
0918,0352
0918,0353
0918,0430
0918,0431
0918,0449
0918,0470
0918,0506
0918,0507
0918,0548
0919,0183
0919,0312
0919,0351
0919,0352
0919,0429
0919,0430
0919,0448
0919,0470
0919,0505
0919,0506
0919,0517
0919,0548
0920,0183
0920,0311
0920,0312
0920,0350
0920,0351
0920,0428
0920,0429
0920,0447
0920,0448
0920,0470
0920,0504
0920,0505
0920,0517
0920,0548
0921,0182
0921,0311
0921,0349
0921,0350
0921,0427
0921,0428
0921,0446
0921,0447
0921,0470
0921,0503
0921,0504
0921,0517
0921,0547
0922,0182
0922,0310
0922,0311
0922,0348
0922,0349
0922,0426
0922,0427
0922,0445
0922,0446
0922,0470
0922,0502
0922,0503
0922,0517
0922,0547
0923,0182
0923,0309
0923,0310
0923,0346
0923,0347
0923,0348
0923,0425
0923,0426
0923,0444
0923,0445
0923,0471
0923,0501
0923,0502
0923,0516
0923,0547
0924,0182
0924,0309
0924,0345
0924,0346
0924,0414
0924,0424
0924,0425
0924,0443
0924,0444
0924,0471
0924,0498
0924,0499
0924,0500
0924,0501
0924,0516
0924,0547
0925,0309
0925,0343
0925,0344
0925,0345
0925,0409
0925,0410
0925,0411
0925,0412
0925,0413
0925,0414
0925,0415
0925,0416
0925,0417
0925,0418
0925,0419
0925,0423
0925,0424
0925,0441
0925,0442
0925,0443
0925,0471
0925,0500
0925,0516
0926,0309
0926,0341
0926,0342
0926,0343
0926,0408
0926,0409
0926,0420
0926,0421
0926,0422
0926,0440
0926,0441
0926,0464
0926,0465
0926,0466
0926,0471
0926,0516
0926,0548
0927,0308
0927,0339
0927,0340
0927,0341
0927,0407
0927,0408
0927,0439
0927,0440
0927,0472
0927,0515
0927,0548
0928,0308
0928,0338
0928,0339
0928,0407
0928,0438
0928,0439
0928,0472
0928,0515
0928,0547
0928,0548
0929,0308
0929,0336
0929,0337
0929,0338
0929,0406
0929,0407
0929,0437
0929,0438
0929,0472
0929,0515
0929,0546
0929,0547
0930,0308
0930,0335
0930,0336
0930,0405
0930,0406
0930,0436
0930,0437
0930,0472
0930,0484
0930,0514
0930,0545
0930,0546
0930,0562
0930,0563
0931,0334
0931,0335
0931,0404
0931,0405
0931,0435
0931,0436
0931,0472
0931,0483
0931,0484
0931,0514
0931,0544
0931,0545
0931,0546
0931,0561
0931,0562
0932,0333
0932,0334
0932,0403
0932,0404
0932,0433
0932,0434
0932,0435
0932,0472
0932,0483
0932,0514
0932,0543
0932,0544
0932,0561
0933,0332
0933,0333
0933,0403
0933,0432
0933,0433
0933,0472
0933,0483
0933,0513
0933,0542
0933,0543
0933,0560
0933,0561
0934,0331
0934,0332
0934,0402
0934,0403
0934,0431
0934,0432
0934,0472
0934,0483
0934,0513
0934,0541
0934,0542
0934,0560
0934,0570
0935,0401
0935,0402
0935,0430
0935,0431
0935,0472
0935,0482
0935,0483
0935,0513
0935,0539
0935,0540
0935,0541
0935,0559
0935,0560
0935,0570
0936,0378
0936,0379
0936,0428
0936,0429
0936,0430
0936,0482
0936,0513
0936,0538
0936,0539
0936,0559
0936,0570
0937,0181
0937,0377
0937,0378
0937,0427
0937,0428
0937,0482
0937,0512
0937,0537
0937,0538
0937,0558
0937,0570
0938,0181
0938,0375
0938,0376
0938,0377
0938,0425
0938,0426
0938,0427
0938,0482
0938,0512
0938,0535
0938,0536
0938,0537
0938,0557
0938,0558
0938,0570
0939,0180
0939,0374
0939,0375
0939,0424
0939,0425
0939,0482
0939,0512
0939,0534
0939,0535
0939,0557
0939,0569
0940,0180
0940,0372
0940,0373
0940,0374
0940,0422
0940,0423
0940,0424
0940,0482
0940,0512
0940,0533
0940,0534
0940,0556
0940,0557
0940,0569
0941,0180
0941,0370
0941,0371
0941,0372
0941,0422
0941,0512
0941,0532
0941,0533
0941,0555
0941,0556
0941,0569
0942,0179
0942,0261
0942,0369
0942,0370
0942,0483
0942,0511
0942,0531
0942,0532
0942,0554
0942,0555
0942,0569
0943,0179
0943,0246
0943,0247
0943,0248
0943,0255
0943,0256
0943,0257
0943,0258
0943,0259
0943,0260
0943,0307
0943,0308
0943,0311
0943,0312
0943,0313
0943,0314
0943,0315
0943,0323
0943,0324
0943,0325
0943,0368
0943,0369
0943,0482
0943,0483
0943,0511
0943,0529
0943,0530
0943,0531
0943,0553
0943,0554
0943,0569
0944,0144
0944,0145
0944,0179
0944,0249
0944,0250
0944,0251
0944,0252
0944,0253
0944,0254
0944,0259
0944,0260
0944,0305
0944,0306
0944,0307
0944,0308
0944,0309
0944,0310
0944,0316
0944,0317
0944,0318
0944,0319
0944,0322
0944,0323
0944,0324
0944,0366
0944,0367
0944,0368
0944,0482
0944,0511
0944,0528
0944,0529
0944,0551
0944,0552
0944,0553
0944,0568
0945,0144
0945,0179
0945,0303
0945,0304
0945,0305
0945,0320
0945,0321
0945,0322
0945,0323
0945,0324
0945,0365
0945,0366
0945,0482
0945,0511
0945,0526
0945,0527
0945,0528
0945,0550
0945,0551
0945,0568
0946,0143
0946,0144
0946,0178
0946,0302
0946,0303
0946,0364
0946,0365
0946,0481
0946,0482
0946,0525
0946,0526
0946,0549
0946,0550
0946,0568
0947,0143
0947,0178
0947,0301
0947,0302
0947,0363
0947,0364
0947,0480
0947,0481
0947,0524
0947,0525
0947,0548
0947,0549
0947,0568
0948,0143
0948,0178
0948,0300
0948,0301
0948,0362
0948,0363
0948,0479
0948,0480
0948,0522
0948,0523
0948,0524
0948,0547
0948,0548
0949,0143
0949,0178
0949,0299
0949,0300
0949,0362
0949,0478
0949,0479
0949,0521
0949,0522
0949,0546
0949,0547
0950,0178
0950,0298
0950,0299
0950,0361
0950,0362
0950,0476
0950,0477
0950,0478
0950,0520
0950,0521
0950,0546
0951,0178
0951,0297
0951,0298
0951,0360
0951,0361
0951,0475
0951,0476
0951,0519
0951,0520
0951,0545
0951,0546
0952,0258
0952,0259
0952,0297
0952,0359
0952,0360
0952,0471
0952,0472
0952,0473
0952,0474
0952,0475
0952,0545
0953,0257
0953,0258
0953,0296
0953,0297
0953,0359
0953,0471
0953,0472
0953,0473
0953,0545
0954,0256
0954,0257
0954,0296
0954,0358
0954,0359
0954,0471
0954,0472
0954,0545
0955,0255
0955,0256
0955,0295
0955,0296
0955,0358
0955,0544
0956,0253
0956,0254
0956,0255
0956,0294
0956,0295
0956,0357
0956,0358
0956,0544
0957,0252
0957,0253
0957,0293
0957,0294
0957,0356
0957,0357
0957,0544
0958,0251
0958,0252
0958,0293
0958,0356
0958,0530
0958,0544
0958,0545
0959,0292
0959,0293
0959,0355
0959,0356
0959,0529
0959,0545
0959,0546
0959,0551
0960,0291
0960,0292
0960,0355
0960,0529
0960,0546
0960,0547
0960,0548
0960,0549
0960,0550
0961,0137
0961,0290
0961,0291
0961,0354
0961,0355
0961,0529
0962,0137
0962,0289
0962,0290
0962,0353
0962,0354
0962,0528
0962,0529
0962,0568
0963,0137
0963,0288
0963,0289
0963,0353
0963,0527
0963,0528
0963,0568
0963,0569
0964,0137
0964,0287
0964,0288
0964,0352
0964,0353
0964,0526
0964,0527
0964,0569
0965,0137
0965,0285
0965,0286
0965,0287
0965,0351
0965,0352
0965,0524
0965,0525
0965,0526
0965,0569
0966,0137
0966,0265
0966,0284
0966,0285
0966,0351
0966,0523
0966,0524
0966,0570
0967,0137
0967,0228
0967,0229
0967,0263
0967,0264
0967,0265
0967,0266
0967,0282
0967,0283
0967,0284
0967,0350
0967,0351
0967,0520
0967,0521
0967,0522
0967,0570
0968,0137
0968,0226
0968,0227
0968,0228
0968,0261
0968,0262
0968,0263
0968,0264
0968,0265
0968,0266
0968,0267
0968,0268
0968,0269
0968,0270
0968,0271
0968,0278
0968,0279
0968,0280
0968,0281
0968,0350
0968,0518
0968,0519
0968,0520
0968,0570
0969,0137
0969,0224
0969,0225
0969,0226
0969,0259
0969,0260
0969,0261
0969,0272
0969,0273
0969,0274
0969,0275
0969,0276
0969,0277
0969,0349
0969,0350
0969,0518
0969,0519
0969,0557
0969,0570
0970,0137
0970,0223
0970,0224
0970,0257
0970,0258
0970,0259
0970,0349
0970,0557
0970,0570
0971,0137
0971,0223
0971,0256
0971,0257
0971,0348
0971,0349
0971,0558
0971,0570
0972,0137
0972,0255
0972,0256
0972,0348
0972,0558
0972,0570
0973,0136
0973,0254
0973,0255
0973,0347
0973,0348
0973,0557
0973,0570
0974,0136
0974,0253
0974,0254
0974,0347
0974,0500
0974,0557
0974,0570
0975,0136
0975,0252
0975,0253
0975,0346
0975,0347
0975,0500
0975,0529
0975,0557
0975,0570
0976,0136
0976,0251
0976,0252
0976,0346
0976,0500
0976,0528
0976,0529
0976,0530
0976,0556
0976,0570
0977,0136
0977,0250
0977,0251
0977,0345
0977,0346
0977,0500
0977,0526
0977,0527
0977,0528
0977,0529
0977,0556
0977,0570
0978,0136
0978,0250
0978,0345
0978,0499
0978,0500
0978,0525
0978,0526
0978,0527
0978,0538
0978,0556
0978,0570
0979,0136
0979,0249
0979,0250
0979,0344
0979,0345
0979,0475
0979,0498
0979,0499
0979,0501
0979,0524
0979,0525
0979,0537
0979,0555
0979,0570
0980,0136
0980,0248
0980,0249
0980,0344
0980,0475
0980,0498
0980,0502
0980,0503
0980,0507
0980,0508
0980,0509
0980,0523
0980,0524
0980,0537
0980,0554
0980,0570
0981,0136
0981,0247
0981,0248
0981,0343
0981,0344
0981,0475
0981,0476
0981,0497
0981,0498
0981,0504
0981,0505
0981,0506
0981,0509
0981,0510
0981,0511
0981,0512
0981,0521
0981,0522
0981,0536
0981,0554
0981,0569
0982,0136
0982,0246
0982,0247
0982,0343
0982,0476
0982,0477
0982,0496
0982,0497
0982,0512
0982,0513
0982,0514
0982,0518
0982,0519
0982,0520
0982,0536
0982,0553
0982,0568
0982,0569
0983,0135
0983,0245
0983,0246
0983,0342
0983,0343
0983,0477
0983,0478
0983,0496
0983,0515
0983,0516
0983,0517
0983,0535
0983,0536
0983,0553
0983,0568
0984,0135
0984,0244
0984,0245
0984,0342
0984,0495
0984,0496
0984,0535
0984,0536
0984,0552
0984,0568
0985,0135
0985,0164
0985,0243
0985,0244
0985,0341
0985,0342
0985,0494
0985,0495
0985,0534
0985,0535
0985,0552
0985,0568
0986,0135
0986,0163
0986,0164
0986,0239
0986,0240
0986,0241
0986,0242
0986,0243
0986,0341
0986,0492
0986,0493
0986,0494
0986,0533
0986,0534
0986,0551
0986,0568
0987,0135
0987,0163
0987,0236
0987,0237
0987,0238
0987,0241
0987,0341
0987,0480
0987,0491
0987,0492
0987,0532
0987,0533
0987,0551
0988,0136
0988,0162
0988,0163
0988,0219
0988,0220
0988,0221
0988,0222
0988,0223
0988,0224
0988,0225
0988,0226
0988,0227
0988,0228
0988,0229
0988,0230
0988,0231
0988,0232
0988,0233
0988,0234
0988,0235
0988,0340
0988,0489
0988,0490
0988,0491
0988,0531
0988,0532
0988,0550
0989,0136
0989,0162
0989,0215
0989,0216
0989,0217
0989,0218
0989,0340
0989,0488
0989,0489
0989,0531
0989,0550
0990,0136
0990,0161
0990,0162
0990,0214
0990,0340
0990,0485
0990,0486
0990,0487
0990,0488
0990,0530
0990,0531
0990,0549
0991,0136
0991,0160
0991,0161
0991,0213
0991,0339
0991,0485
0991,0529
0991,0530
0991,0549
0992,0136
0992,0159
0992,0160
0992,0211
0992,0212
0992,0213
0992,0339
0992,0484
0992,0527
0992,0528
0992,0529
0992,0548
0993,0159
0993,0210
0993,0211
0993,0339
0993,0484
0993,0526
0993,0527
0993,0548
0994,0208
0994,0209
0994,0210
0994,0339
0994,0395
0994,0396
0994,0484
0994,0522
0994,0523
0994,0524
0994,0525
0994,0526
0994,0547
0995,0207
0995,0208
0995,0338
0995,0394
0995,0395
0995,0484
0995,0517
0995,0518
0995,0519
0995,0520
0995,0521
0995,0522
0995,0547
0996,0206
0996,0207
0996,0338
0996,0393
0996,0394
0996,0484
0996,0513
0996,0514
0996,0515
0996,0516
0996,0546
0997,0205
0997,0206
0997,0338
0997,0392
0997,0393
0997,0484
0997,0498
0997,0499
0997,0500
0997,0501
0997,0502
0997,0503
0997,0504
0997,0505
0997,0506
0997,0510
0997,0511
0997,0512
0997,0513
0997,0546
0998,0204
0998,0205
0998,0337
0998,0390
0998,0391
0998,0392
0998,0484
0998,0495
0998,0496
0998,0497
0998,0506
0998,0507
0998,0508
0998,0509
0998,0510
0998,0546
0999,0203
0999,0204
0999,0337
0999,0389
0999,0390
0999,0484
0999,0546
1000,0202
1000,0203
1000,0336
1000,0388
1000,0389
1000,0484
1000,0546
1001,0202
1001,0336
1001,0387
1001,0388
1001,0484
1001,0546
1002,0201
1002,0202
1002,0336
1002,0337
1002,0386
1002,0387
1002,0484
1002,0546
1003,0200
1003,0201
1003,0336
1003,0385
1003,0386
1003,0484
1003,0546
1004,0199
1004,0200
1004,0335
1004,0384
1004,0385
1004,0484
1004,0546
1005,0198
1005,0199
1005,0335
1005,0484
1005,0546
1005,0547
1006,0197
1006,0198
1006,0335
1006,0547
1006,0548
1007,0196
1007,0197
1007,0335
1007,0548
1008,0160
1008,0195
1008,0196
1008,0335
1008,0415
1008,0547
1008,0548
1009,0151
1009,0152
1009,0153
1009,0154
1009,0155
1009,0156
1009,0157
1009,0158
1009,0159
1009,0194
1009,0195
1009,0334
1009,0414
1009,0415
1009,0547
1010,0150
1010,0151
1010,0152
1010,0153
1010,0193
1010,0194
1010,0334
1010,0414
1010,0546
1010,0547
1011,0149
1011,0150
1011,0192
1011,0193
1011,0334
1011,0545
1011,0546
1012,0148
1012,0149
1012,0190
1012,0191
1012,0192
1012,0334
1012,0545
1013,0148
1013,0189
1013,0190
1013,0334
1013,0544
1013,0545
1014,0147
1014,0148
1014,0189
1014,0333
1014,0543
1014,0544
1015,0146
1015,0147
1015,0188
1015,0189
1015,0333
1015,0542
1015,0543
1016,0146
1016,0187
1016,0188
1016,0333
1016,0542
1017,0145
1017,0146
1017,0186
1017,0187
1017,0333
1017,0541
1017,0542
1018,0145
1018,0184
1018,0185
1018,0186
1018,0332
1018,0412
1018,0540
1018,0541
1018,0557
1018,0558
1018,0559
1019,0144
1019,0145
1019,0158
1019,0183
1019,0184
1019,0332
1019,0411
1019,0539
1019,0540
1019,0556
1019,0557
1019,0560
1019,0561
1019,0562
1019,0563
1019,0564
1020,0143
1020,0144
1020,0158
1020,0180
1020,0181
1020,0182
1020,0332
1020,0411
1020,0538
1020,0539
1020,0555
1020,0556
1020,0564
1020,0565
1021,0142
1021,0143
1021,0157
1021,0176
1021,0177
1021,0178
1021,0179
1021,0332
1021,0410
1021,0505
1021,0506
1021,0537
1021,0538
1021,0554
1021,0555
1021,0565
1021,0566
1022,0141
1022,0142
1022,0143
1022,0157
1022,0332
1022,0410
1022,0506
1022,0507
1022,0508
1022,0509
1022,0551
1022,0552
1022,0553
1022,0554
1022,0566
1022,0567
1023,0142
1023,0157
1023,0332
1023,0410
1023,0509
1023,0553
1023,0567
