0001,0075
0001,0076
0001,0077
0001,0078
0001,0079
0001,0080
0001,0081
0001,0082
0001,0083
0001,0084
0001,0085
0001,0086
0001,0087
0001,0088
0001,0089
0001,0090
0001,0091
0001,0092
0001,0093
0001,0094
0001,0095
0001,0096
0001,0097
0001,0098
0001,0099
0001,0100
0001,0101
0001,0102
0001,0103
0001,0104
0001,0105
0001,0106
0001,0107
0001,0108
0001,0109
0001,0110
0001,0111
0001,0112
0001,0113
0001,0114
0001,0115
0001,0116
0001,0117
0001,0118
0001,0119
0001,0120
0001,0121
0001,0122
0001,0123
0001,0124
0001,0125
0001,0126
0001,0127
0001,0128
0001,0129
0001,0130
0001,0131
0001,0150
0001,0151
0001,0152
0001,0153
0001,0154
0001,0155
0001,0156
0001,0157
0001,0158
0001,0159
0001,0160
0001,0161
0001,0162
0001,0163
0001,0164
0001,0165
0001,0166
0001,0167
0001,0168
0001,0169
0001,0170
0001,0171
0001,0172
0001,0173
0001,0174
0001,0175
0001,0176
0001,0177
0001,0178
0001,0179
0001,0180
0001,0181
0001,0182
0001,0183
0001,0184
0001,0185
0001,0186
0001,0187
0001,0188
0001,0189
0001,0190
0001,0191
0001,0192
0001,0193
0001,0194
0001,0195
0001,0196
0001,0197
0001,0198
0001,0199
0001,0200
0001,0201
0001,0202
0001,0203
0001,0204
0001,0205
0001,0206
0001,0207
0001,0208
0001,0209
0001,0210
0001,0211
0001,0212
0001,0213
0001,0214
0001,0215
0001,0216
0001,0217
0001,0218
0001,0219
0001,0220
0001,0221
0001,0222
0001,0223
0001,0224
0001,0225
0001,0226
0001,0227
0001,0228
0001,0229
0001,0230
0001,0231
0001,0232
0001,0233
0001,0234
0001,0235
0001,0236
0001,0237
0001,0238
0001,0239
0001,0240
0001,0241
0001,0242
0001,0243
0001,0244
0001,0245
0001,0246
0001,0247
0001,0248
0001,0249
0001,0250
0001,0251
0001,0252
0001,0253
0001,0254
0001,0255
0001,0256
0001,0257
0001,0258
0001,0259
0001,0260
0001,0261
0001,0262
0001,0263
0001,0264
0001,0265
0001,0266
0001,0267
0001,0268
0001,0269
0001,0270
0001,0271
0001,0272
0001,0273
0001,0274
0001,0275
0001,0276
0001,0277
0001,0278
0001,0279
0001,0280
0001,0281
0001,0282
0001,0283
0001,0284
0001,0285
0001,0286
0001,0287
0001,0288
0001,0289
0001,0290
0001,0291
0001,0292
0001,0293
0001,0294
0001,0295
0001,0296
0001,0297
0001,0298
0001,0299
0001,0300
0001,0301
0001,0302
0001,0303
0001,0304
0001,0305
0001,0306
0001,0307
0001,0308
0001,0309
0001,0310
0001,0311
0001,0312
0001,0313
0001,0314
0001,0315
0001,0316
0001,0317
0001,0318
0001,0319
0001,0320
0001,0321
0001,0322
0001,0323
0001,0324
0001,0325
0001,0326
0001,0327
0001,0328
0001,0329
0001,0330
0001,0331
0001,0332
0001,0333
0001,0334
0001,0335
0001,0336
0001,0337
0001,0338
0001,0339
0001,0340
0001,0341
0001,0342
0001,0343
0001,0344
0001,0345
0001,0346
0001,0347
0001,0348
0001,0349
0001,0350
0001,0351
0001,0352
0001,0353
0001,0354
0001,0355
0001,0356
0001,0357
0001,0358
0001,0359
0001,0360
0001,0361
0001,0362
0001,0363
0001,0364
0001,0365
0001,0366
0001,0367
0001,0368
0001,0369
0001,0370
0001,0371
0001,0372
0001,0373
0001,0374
0001,0375
0001,0376
0001,0377
0001,0378
0001,0379
0001,0380
0001,0381
0001,0382
0001,0383
0001,0384
0001,0385
0001,0386
0001,0387
0001,0388
0001,0389
0001,0390
0001,0391
0001,0392
0001,0393
0001,0394
0001,0395
0001,0396
0001,0397
0001,0398
0001,0399
0001,0400
0001,0401
0001,0402
0001,0403
0001,0404
0001,0405
0001,0406
0001,0407
0001,0408
0001,0409
0001,0410
0001,0411
0001,0412
0001,0413
0001,0414
0001,0415
0001,0416
0001,0417
0001,0418
0001,0419
0001,0420
0001,0421
0001,0422
0001,0423
0001,0424
0001,0425
0001,0426
0001,0427
0001,0428
0001,0429
0001,0430
0001,0431
0001,0432
0001,0433
0001,0434
0001,0435
0001,0436
0001,0437
0001,0438
0001,0439
0001,0440
0001,0441
0001,0442
0001,0443
0001,0444
0001,0445
0001,0446
0001,0447
0001,0448
0001,0449
0001,0450
0001,0451
0001,0452
0001,0453
0001,0454
0001,0455
0001,0456
0001,0457
0001,0458
0001,0459
0001,0460
0001,0461
0001,0462
0001,0463
0001,0464
0001,0465
0001,0466
0001,0467
0001,0468
0001,0469
0001,0470
0001,0471
0001,0472
0001,0473
0001,0474
0001,0475
0001,0476
0001,0477
0001,0478
0001,0479
0001,0480
0001,0481
0001,0482
0001,0483
0001,0484
0001,0485
0001,0486
0001,0487
0001,0488
0001,0489
0001,0490
0001,0491
0001,0492
0001,0493
0001,0494
0001,0495
0001,0496
0001,0497
0001,0498
0001,0499
0001,0500
0001,0501
0001,0502
0001,0503
0001,0504
0001,0505
0001,0506
0001,0507
0001,0508
0001,0509
0001,0510
0043,0437
0043,0438
0043,0439
0043,0440
0043,0441
0043,0442
0043,0443
0044,0432
0044,0433
0044,0434
0044,0435
0044,0436
0044,0442
0044,0443
0044,0444
0044,0445
0045,0427
0045,0428
0045,0429
0045,0430
0045,0431
0046,0424
0046,0425
0046,0426
0047,0421
0047,0422
0047,0423
0048,0170
0048,0171
0048,0172
0048,0173
0048,0174
0048,0175
0048,0176
0048,0418
0048,0419
0048,0420
0049,0167
0049,0168
0049,0169
0049,0176
0049,0177
0049,0178
0049,0179
0049,0211
0049,0212
0049,0213
0049,0214
0049,0215
0049,0216
0049,0217
0049,0218
0049,0219
0049,0220
0049,0221
0049,0414
0049,0415
0049,0416
0049,0417
0050,0164
0050,0165
0050,0166
0050,0167
0050,0179
0050,0180
0050,0207
0050,0208
0050,0209
0050,0210
0050,0222
0050,0223
0050,0224
0050,0225
0050,0411
0050,0412
0050,0413
0050,0441
0051,0162
0051,0163
0051,0164
0051,0180
0051,0181
0051,0182
0051,0205
0051,0206
0051,0207
0051,0226
0051,0227
0051,0228
0051,0229
0051,0408
0051,0409
0051,0410
0051,0440
0051,0441
0052,0160
0052,0161
0052,0162
0052,0182
0052,0183
0052,0203
0052,0204
0052,0205
0052,0229
0052,0230
0052,0231
0052,0405
0052,0406
0052,0407
0052,0439
0052,0440
0053,0160
0053,0161
0053,0183
0053,0184
0053,0201
0053,0202
0053,0203
0053,0231
0053,0232
0053,0233
0053,0397
0053,0398
0053,0399
0053,0400
0053,0401
0053,0402
0053,0403
0053,0404
0053,0438
0053,0439
0054,0159
0054,0160
0054,0184
0054,0185
0054,0199
0054,0200
0054,0201
0054,0233
0054,0234
0054,0393
0054,0394
0054,0395
0054,0396
0054,0437
0054,0438
0055,0158
0055,0159
0055,0185
0055,0186
0055,0198
0055,0199
0055,0234
0055,0235
0055,0377
0055,0378
0055,0379
0055,0380
0055,0381
0055,0382
0055,0383
0055,0389
0055,0390
0055,0391
0055,0392
0056,0158
0056,0186
0056,0197
0056,0198
0056,0235
0056,0375
0056,0376
0056,0384
0056,0385
0056,0386
0056,0387
0056,0388
0057,0158
0057,0186
0057,0187
0057,0195
0057,0196
0057,0197
0057,0235
0057,0236
0057,0373
0057,0374
0057,0375
0058,0158
0058,0186
0058,0187
0058,0188
0058,0193
0058,0194
0058,0195
0058,0236
0058,0372
0058,0373
0059,0157
0059,0158
0059,0188
0059,0189
0059,0190
0059,0191
0059,0192
0059,0236
0059,0237
0059,0371
0059,0372
0060,0157
0060,0158
0060,0237
0060,0238
0060,0370
0060,0371
0061,0157
0061,0238
0061,0239
0061,0368
0061,0369
0061,0370
0062,0156
0062,0157
0062,0239
0062,0240
0062,0241
0062,0364
0062,0365
0062,0366
0062,0367
0062,0368
0063,0103
0063,0104
0063,0105
0063,0106
0063,0107
0063,0108
0063,0109
0063,0110
0063,0111
0063,0112
0063,0155
0063,0156
0063,0241
0063,0242
0063,0360
0063,0361
0063,0362
0063,0363
0064,0113
0064,0114
0064,0115
0064,0116
0064,0117
0064,0153
0064,0154
0064,0155
0064,0242
0064,0243
0064,0244
0064,0358
0064,0359
0065,0083
0065,0084
0065,0118
0065,0119
0065,0120
0065,0121
0065,0122
0065,0151
0065,0152
0065,0153
0065,0244
0065,0245
0065,0246
0065,0247
0065,0248
0065,0357
0065,0358
0066,0082
0066,0083
0066,0123
0066,0124
0066,0125
0066,0149
0066,0150
0066,0151
0066,0249
0066,0250
0066,0251
0066,0252
0066,0356
0066,0357
0067,0080
0067,0081
0067,0082
0067,0125
0067,0126
0067,0127
0067,0148
0067,0149
0067,0354
0067,0355
0067,0356
0067,0480
0068,0079
0068,0080
0068,0127
0068,0128
0068,0129
0068,0146
0068,0147
0068,0148
0068,0294
0068,0295
0068,0296
0068,0297
0068,0353
0068,0354
0068,0465
0068,0466
0068,0467
0068,0468
0068,0469
0068,0470
0068,0471
0068,0472
0068,0473
0068,0474
0068,0475
0068,0476
0068,0477
0068,0478
0068,0479
0069,0077
0069,0078
0069,0079
0069,0130
0069,0131
0069,0132
0069,0133
0069,0134
0069,0143
0069,0144
0069,0145
0069,0290
0069,0291
0069,0292
0069,0293
0069,0298
0069,0299
0069,0300
0069,0301
0069,0302
0069,0303
0069,0304
0069,0305
0069,0306
0069,0307
0069,0308
0069,0309
0069,0310
0069,0311
0069,0318
0069,0319
0069,0320
0069,0321
0069,0322
0069,0323
0069,0324
0069,0325
0069,0352
0069,0353
0069,0461
0069,0462
0069,0463
0069,0464
0070,0076
0070,0077
0070,0135
0070,0136
0070,0137
0070,0138
0070,0139
0070,0140
0070,0141
0070,0142
0070,0272
0070,0273
0070,0274
0070,0275
0070,0276
0070,0277
0070,0278
0070,0279
0070,0280
0070,0281
0070,0282
0070,0283
0070,0284
0070,0285
0070,0286
0070,0287
0070,0288
0070,0289
0070,0326
0070,0327
0070,0328
0070,0351
0070,0352
0070,0457
0070,0458
0070,0459
0070,0460
0070,0491
0070,0492
0071,0075
0071,0076
0071,0266
0071,0267
0071,0268
0071,0269
0071,0270
0071,0271
0071,0329
0071,0330
0071,0331
0071,0332
0071,0333
0071,0334
0071,0349
0071,0350
0071,0351
0071,0455
0071,0456
0071,0457
0071,0490
0071,0491
0071,0492
0072,0074
0072,0075
0072,0335
0072,0336
0072,0337
0072,0344
0072,0345
0072,0346
0072,0347
0072,0348
0072,0453
0072,0454
0072,0455
0072,0488
0072,0489
0072,0490
0072,0491
0073,0073
0073,0074
0073,0338
0073,0339
0073,0340
0073,0341
0073,0342
0073,0343
0073,0450
0073,0451
0073,0452
0073,0453
0073,0487
0073,0488
0073,0489
0074,0071
0074,0072
0074,0073
0074,0449
0074,0486
0074,0487
0075,0070
0075,0071
0075,0485
0075,0486
0076,0068
0076,0069
0076,0070
0076,0484
0076,0485
0077,0067
0077,0068
0077,0483
0077,0484
0078,0478
0078,0479
0078,0482
0078,0483
0078,0484
0079,0476
0079,0477
0079,0478
0079,0481
0079,0482
0079,0483
0080,0474
0080,0475
0080,0476
0080,0482
0080,0483
0081,0472
0081,0473
0081,0474
0081,0483
0082,0470
0082,0471
0082,0472
0083,0468
0083,0469
0083,0470
0084,0467
0084,0468
0088,0460
0088,0461
0088,0462
0088,0466
0088,0467
0089,0446
0089,0447
0089,0448
0089,0449
0089,0450
0089,0451
0089,0452
0089,0453
0089,0454
0089,0455
0089,0456
0089,0457
0089,0458
0089,0459
0089,0463
0089,0464
0089,0465
0089,0466
0090,0440
0090,0441
0090,0442
0090,0443
0090,0444
0090,0445
0091,0435
0091,0436
0091,0437
0091,0438
0091,0439
0092,0432
0092,0433
0092,0434
0093,0428
0093,0429
0093,0430
0093,0431
0094,0423
0094,0424
0094,0425
0094,0426
0094,0427
0095,0422
0095,0482
0095,0483
0095,0484
0096,0420
0096,0421
0096,0481
0096,0484
0096,0485
0096,0486
0097,0419
0097,0462
0097,0463
0097,0464
0097,0479
0097,0480
0097,0485
0097,0486
0098,0410
0098,0411
0098,0412
0098,0413
0098,0414
0098,0415
0098,0416
0098,0417
0098,0418
0098,0462
0098,0478
0098,0479
0098,0486
0099,0408
0099,0409
0099,0410
0099,0476
0099,0477
0099,0478
0099,0486
0100,0407
0100,0408
0100,0475
0100,0476
0100,0486
0101,0406
0101,0407
0101,0474
0101,0475
0101,0485
0102,0405
0102,0406
0102,0473
0102,0474
0102,0485
0103,0401
0103,0402
0103,0403
0103,0404
0103,0405
0103,0472
0103,0473
0103,0485
0104,0399
0104,0400
0104,0471
0104,0472
0104,0484
0105,0392
0105,0393
0105,0394
0105,0395
0105,0396
0105,0397
0105,0398
0105,0399
0105,0470
0105,0471
0105,0484
0106,0387
0106,0388
0106,0389
0106,0390
0106,0391
0106,0397
0106,0398
0106,0406
0106,0425
0106,0469
0106,0470
0106,0484
0107,0385
0107,0386
0107,0398
0107,0406
0107,0425
0107,0468
0107,0469
0107,0483
0108,0383
0108,0384
0108,0385
0108,0406
0108,0425
0108,0467
0108,0468
0108,0469
0108,0483
0109,0382
0109,0383
0109,0397
0109,0425
0109,0467
0109,0468
0109,0483
0110,0381
0110,0382
0110,0467
0110,0483
0111,0379
0111,0380
0111,0381
0111,0396
0111,0417
0111,0466
0111,0467
0111,0483
0112,0378
0112,0379
0112,0397
0112,0416
0112,0417
0112,0466
0112,0482
0113,0378
0113,0397
0113,0415
0113,0416
0113,0465
0113,0466
0113,0482
0114,0377
0114,0378
0114,0397
0114,0398
0114,0413
0114,0414
0114,0415
0114,0465
0114,0482
0115,0376
0115,0377
0115,0398
0115,0399
0115,0413
0115,0414
0115,0464
0115,0465
0115,0482
0116,0375
0116,0376
0116,0399
0116,0412
0116,0413
0116,0464
0116,0481
0117,0374
0117,0375
0117,0399
0117,0400
0117,0464
0117,0481
0118,0374
0118,0400
0118,0401
0118,0426
0118,0463
0118,0464
0118,0481
0119,0373
0119,0374
0119,0401
0119,0402
0119,0426
0119,0442
0119,0463
0119,0481
0120,0372
0120,0373
0120,0402
0120,0403
0120,0426
0120,0442
0120,0463
0120,0480
0121,0371
0121,0372
0121,0403
0121,0404
0121,0426
0121,0441
0121,0442
0121,0462
0121,0463
0121,0480
0122,0370
0122,0371
0122,0404
0122,0405
0122,0426
0122,0441
0122,0461
0122,0462
0122,0480
0123,0370
0123,0405
0123,0406
0123,0426
0123,0440
0123,0460
0123,0461
0123,0480
0124,0369
0124,0370
0124,0413
0124,0426
0124,0440
0124,0458
0124,0459
0124,0460
0124,0479
0125,0369
0125,0413
0125,0414
0125,0415
0125,0426
0125,0440
0125,0457
0125,0458
0125,0479
0126,0368
0126,0369
0126,0413
0126,0414
0126,0427
0126,0440
0126,0456
0126,0457
0126,0479
0127,0368
0127,0413
0127,0414
0127,0427
0127,0440
0127,0454
0127,0455
0127,0456
0127,0478
0128,0367
0128,0412
0128,0413
0128,0427
0128,0439
0128,0440
0128,0453
0128,0454
0128,0478
0129,0367
0129,0412
0129,0419
0129,0427
0129,0439
0129,0440
0129,0453
0129,0478
0130,0367
0130,0411
0130,0412
0130,0419
0130,0427
0130,0452
0130,0453
0130,0478
0131,0366
0131,0367
0131,0411
0131,0419
0131,0426
0131,0427
0131,0451
0131,0452
0131,0477
0132,0366
0132,0410
0132,0411
0132,0419
0132,0426
0132,0451
0132,0477
0133,0366
0133,0410
0133,0419
0133,0425
0133,0426
0133,0450
0133,0451
0133,0477
0134,0365
0134,0366
0134,0409
0134,0410
0134,0424
0134,0425
0134,0450
0134,0477
0135,0365
0135,0408
0135,0409
0135,0424
0135,0450
0135,0477
0136,0365
0136,0407
0136,0408
0136,0424
0136,0450
0136,0477
0137,0365
0137,0406
0137,0407
0137,0450
0137,0476
0138,0364
0138,0405
0138,0406
0138,0449
0138,0476
0139,0364
0139,0405
0139,0449
0139,0476
0140,0364
0140,0404
0140,0405
0140,0448
0140,0449
0140,0476
0141,0364
0141,0403
0141,0404
0141,0448
0141,0475
0142,0364
0142,0402
0142,0403
0142,0447
0142,0448
0142,0475
0143,0365
0143,0401
0143,0402
0143,0446
0143,0447
0143,0475
0144,0365
0144,0400
0144,0401
0144,0445
0144,0446
0144,0474
0145,0365
0145,0366
0145,0399
0145,0400
0145,0443
0145,0444
0145,0445
0145,0474
0146,0366
0146,0398
0146,0399
0146,0442
0146,0443
0146,0474
0147,0366
0147,0367
0147,0396
0147,0397
0147,0398
0147,0440
0147,0441
0147,0442
0147,0474
0148,0367
0148,0368
0148,0395
0148,0396
0148,0438
0148,0439
0148,0440
0148,0473
0149,0368
0149,0369
0149,0393
0149,0394
0149,0395
0149,0437
0149,0438
0149,0473
0150,0369
0150,0370
0150,0391
0150,0392
0150,0393
0150,0435
0150,0436
0150,0437
0150,0473
0151,0370
0151,0389
0151,0390
0151,0391
0151,0434
0151,0435
0151,0473
0152,0370
0152,0371
0152,0386
0152,0387
0152,0388
0152,0389
0152,0434
0152,0472
0153,0371
0153,0372
0153,0383
0153,0384
0153,0385
0153,0386
0153,0426
0153,0427
0153,0428
0153,0433
0153,0434
0153,0472
0154,0372
0154,0382
0154,0383
0154,0423
0154,0424
0154,0425
0154,0432
0154,0433
0154,0472
0155,0372
0155,0373
0155,0378
0155,0379
0155,0380
0155,0381
0155,0421
0155,0422
0155,0432
0155,0472
0156,0372
0156,0419
0156,0420
0156,0421
0156,0432
0156,0472
0157,0372
0157,0417
0157,0418
0157,0432
0157,0471
0158,0372
0158,0415
0158,0416
0158,0432
0158,0471
0159,0371
0159,0413
0159,0414
0159,0431
0159,0432
0159,0471
0160,0370
0160,0371
0160,0411
0160,0412
0160,0413
0160,0431
0160,0471
0161,0369
0161,0370
0161,0409
0161,0410
0161,0411
0161,0412
0161,0431
0161,0470
0162,0367
0162,0368
0162,0369
0162,0410
0162,0430
0162,0431
0162,0470
0163,0365
0163,0366
0163,0367
0163,0429
0163,0430
0163,0469
0163,0470
0164,0363
0164,0364
0164,0428
0164,0429
0164,0469
0165,0359
0165,0360
0165,0361
0165,0362
0165,0426
0165,0427
0165,0428
0165,0468
0165,0469
0166,0356
0166,0357
0166,0358
0166,0425
0166,0426
0166,0465
0166,0466
0166,0467
0166,0468
0167,0354
0167,0355
0167,0424
0167,0425
0167,0460
0167,0461
0167,0462
0167,0463
0167,0464
0167,0465
0168,0353
0168,0423
0168,0424
0168,0458
0168,0459
0169,0352
0169,0422
0169,0423
0169,0455
0169,0456
0169,0457
0169,0458
0170,0348
0170,0349
0170,0350
0170,0351
0170,0421
0170,0422
0170,0450
0170,0451
0170,0452
0170,0453
0170,0454
0171,0341
0171,0342
0171,0343
0171,0344
0171,0345
0171,0346
0171,0347
0171,0420
0171,0421
0171,0447
0171,0448
0171,0449
0172,0338
0172,0339
0172,0340
0172,0388
0172,0389
0172,0390
0172,0391
0172,0392
0172,0393
0172,0419
0172,0420
0172,0445
0172,0446
0172,0447
0173,0335
0173,0336
0173,0337
0173,0387
0173,0388
0173,0392
0173,0393
0173,0418
0173,0419
0173,0442
0173,0443
0173,0444
0173,0445
0174,0318
0174,0319
0174,0320
0174,0321
0174,0322
0174,0323
0174,0324
0174,0325
0174,0326
0174,0327
0174,0328
0174,0329
0174,0330
0174,0331
0174,0332
0174,0333
0174,0334
0174,0386
0174,0387
0174,0393
0174,0394
0174,0417
0174,0418
0174,0440
0174,0441
0174,0442
0175,0315
0175,0316
0175,0317
0175,0385
0175,0386
0175,0394
0175,0416
0175,0417
0175,0438
0175,0439
0175,0440
0176,0313
0176,0314
0176,0385
0176,0395
0176,0414
0176,0415
0176,0416
0176,0436
0176,0437
0176,0438
0177,0310
0177,0311
0177,0312
0177,0384
0177,0385
0177,0395
0177,0413
0177,0414
0177,0434
0177,0435
0177,0436
0178,0308
0178,0309
0178,0383
0178,0384
0178,0395
0178,0411
0178,0412
0178,0413
0178,0432
0178,0433
0178,0434
0179,0293
0179,0294
0179,0295
0179,0296
0179,0297
0179,0298
0179,0299
0179,0300
0179,0301
0179,0304
0179,0305
0179,0306
0179,0307
0179,0382
0179,0383
0179,0395
0179,0409
0179,0410
0179,0411
0179,0430
0179,0431
0179,0432
0180,0290
0180,0291
0180,0292
0180,0302
0180,0303
0180,0381
0180,0382
0180,0395
0180,0405
0180,0406
0180,0407
0180,0408
0180,0409
0180,0429
0180,0430
0181,0287
0181,0288
0181,0289
0181,0380
0181,0381
0181,0395
0181,0403
0181,0404
0181,0405
0181,0427
0181,0428
0181,0429
0182,0285
0182,0286
0182,0379
0182,0380
0182,0394
0182,0395
0182,0402
0182,0403
0182,0426
0182,0427
0183,0283
0183,0284
0183,0285
0183,0378
0183,0379
0183,0394
0183,0395
0183,0401
0183,0402
0183,0425
0183,0426
0184,0280
0184,0281
0184,0282
0184,0283
0184,0377
0184,0378
0184,0394
0184,0395
0184,0396
0184,0400
0184,0401
0184,0424
0184,0425
0185,0277
0185,0278
0185,0279
0185,0280
0185,0377
0185,0396
0185,0423
0185,0424
0186,0276
0186,0277
0186,0376
0186,0377
0186,0416
0186,0417
0186,0418
0186,0419
0186,0420
0186,0421
0186,0422
0186,0423
0187,0273
0187,0274
0187,0275
0187,0314
0187,0315
0187,0316
0187,0317
0187,0318
0187,0319
0187,0320
0187,0321
0187,0322
0187,0375
0187,0376
0187,0414
0187,0415
0187,0419
0187,0420
0187,0421
0187,0422
0188,0270
0188,0271
0188,0272
0188,0273
0188,0312
0188,0313
0188,0314
0188,0321
0188,0322
0188,0374
0188,0375
0188,0413
0188,0414
0188,0420
0189,0259
0189,0260
0189,0261
0189,0262
0189,0263
0189,0264
0189,0265
0189,0266
0189,0267
0189,0268
0189,0269
0189,0310
0189,0311
0189,0312
0189,0322
0189,0323
0189,0373
0189,0374
0189,0413
0189,0443
0189,0461
0190,0244
0190,0245
0190,0246
0190,0247
0190,0248
0190,0249
0190,0250
0190,0251
0190,0252
0190,0253
0190,0254
0190,0255
0190,0256
0190,0257
0190,0258
0190,0308
0190,0309
0190,0310
0190,0372
0190,0373
0190,0412
0190,0413
0190,0443
0190,0461
0190,0462
0191,0242
0191,0243
0191,0307
0191,0308
0191,0336
0191,0337
0191,0370
0191,0371
0191,0372
0191,0411
0191,0412
0191,0442
0191,0454
0191,0455
0191,0462
0192,0239
0192,0240
0192,0241
0192,0306
0192,0307
0192,0334
0192,0335
0192,0336
0192,0369
0192,0370
0192,0411
0192,0442
0192,0452
0192,0453
0192,0454
0192,0462
0193,0237
0193,0238
0193,0239
0193,0305
0193,0306
0193,0334
0193,0410
0193,0411
0193,0442
0193,0451
0193,0452
0193,0462
0194,0235
0194,0236
0194,0237
0194,0302
0194,0303
0194,0304
0194,0409
0194,0410
0194,0450
0194,0451
0194,0462
0195,0233
0195,0234
0195,0301
0195,0302
0195,0408
0195,0409
0195,0449
0195,0450
0195,0462
0196,0230
0196,0231
0196,0232
0196,0300
0196,0301
0196,0407
0196,0408
0196,0448
0196,0449
0196,0461
0197,0228
0197,0229
0197,0230
0197,0300
0197,0406
0197,0407
0197,0447
0197,0448
0197,0461
0198,0226
0198,0227
0198,0228
0198,0405
0198,0406
0198,0447
0198,0461
0199,0224
0199,0225
0199,0226
0199,0404
0199,0405
0199,0418
0199,0446
0199,0447
0199,0461
0200,0010
0200,0011
0200,0012
0200,0013
0200,0014
0200,0015
0200,0016
0200,0017
0200,0018
0200,0019
0200,0223
0200,0224
0200,0403
0200,0404
0200,0417
0200,0418
0200,0446
0200,0461
0201,0007
0201,0008
0201,0009
0201,0020
0201,0021
0201,0022
0201,0221
0201,0222
0201,0223
0201,0402
0201,0403
0201,0416
0201,0417
0201,0445
0201,0446
0201,0461
0202,0005
0202,0006
0202,0007
0202,0022
0202,0023
0202,0220
0202,0221
0202,0366
0202,0367
0202,0401
0202,0402
0202,0415
0202,0416
0202,0444
0202,0445
0202,0460
0203,0001
0203,0002
0203,0003
0203,0004
0203,0023
0203,0024
0203,0203
0203,0204
0203,0205
0203,0206
0203,0207
0203,0208
0203,0209
0203,0210
0203,0211
0203,0218
0203,0219
0203,0220
0203,0366
0203,0399
0203,0400
0203,0401
0203,0413
0203,0414
0203,0415
0203,0460
0204,0000
0204,0024
0204,0201
0204,0202
0204,0212
0204,0213
0204,0214
0204,0215
0204,0216
0204,0217
0204,0218
0204,0365
0204,0366
0204,0398
0204,0399
0204,0412
0204,0413
0204,0460
0205,0025
0205,0197
0205,0198
0205,0199
0205,0200
0205,0364
0205,0365
0205,0397
0205,0398
0205,0412
0205,0459
0205,0460
0205,0508
0205,0509
0205,0510
0206,0025
0206,0195
0206,0196
0206,0346
0206,0347
0206,0363
0206,0364
0206,0396
0206,0397
0206,0411
0206,0412
0206,0458
0206,0459
0206,0506
0206,0507
0206,0508
0207,0025
0207,0193
0207,0194
0207,0195
0207,0338
0207,0346
0207,0361
0207,0362
0207,0363
0207,0395
0207,0396
0207,0411
0207,0452
0207,0453
0207,0454
0207,0455
0207,0456
0207,0457
0207,0458
0207,0504
0207,0505
0207,0506
0208,0025
0208,0191
0208,0192
0208,0193
0208,0321
0208,0337
0208,0338
0208,0346
0208,0362
0208,0363
0208,0395
0208,0411
0208,0451
0208,0452
0208,0503
0208,0504
0209,0025
0209,0190
0209,0191
0209,0320
0209,0321
0209,0337
0209,0345
0209,0363
0209,0394
0209,0395
0209,0410
0209,0449
0209,0450
0209,0451
0209,0501
0209,0502
0209,0503
0210,0025
0210,0189
0210,0190
0210,0319
0210,0320
0210,0336
0210,0337
0210,0345
0210,0393
0210,0394
0210,0409
0210,0410
0210,0500
0210,0501
0211,0025
0211,0188
0211,0189
0211,0319
0211,0336
0211,0344
0211,0393
0211,0408
0211,0409
0211,0499
0211,0500
0212,0025
0212,0186
0212,0187
0212,0188
0212,0318
0212,0319
0212,0335
0212,0336
0212,0344
0212,0393
0212,0407
0212,0408
0212,0498
0212,0499
0213,0026
0213,0185
0213,0186
0213,0318
0213,0335
0213,0344
0213,0393
0213,0405
0213,0406
0213,0407
0213,0497
0213,0498
0214,0026
0214,0184
0214,0185
0214,0317
0214,0318
0214,0334
0214,0335
0214,0343
0214,0367
0214,0393
0214,0404
0214,0405
0214,0416
0214,0417
0214,0496
0214,0497
0215,0026
0215,0183
0215,0184
0215,0317
0215,0334
0215,0343
0215,0367
0215,0368
0215,0393
0215,0403
0215,0404
0215,0414
0215,0415
0215,0495
0215,0496
0216,0026
0216,0182
0216,0183
0216,0316
0216,0317
0216,0333
0216,0334
0216,0342
0216,0343
0216,0367
0216,0368
0216,0369
0216,0393
0216,0402
0216,0403
0216,0413
0216,0494
0216,0495
0217,0026
0217,0180
0217,0181
0217,0182
0217,0315
0217,0316
0217,0342
0217,0366
0217,0369
0217,0370
0217,0393
0217,0402
0217,0411
0217,0412
0217,0493
0217,0494
0218,0026
0218,0032
0218,0035
0218,0036
0218,0037
0218,0038
0218,0039
0218,0040
0218,0041
0218,0042
0218,0043
0218,0044
0218,0045
0218,0046
0218,0047
0218,0048
0218,0049
0218,0050
0218,0051
0218,0052
0218,0053
0218,0054
0218,0055
0218,0056
0218,0057
0218,0058
0218,0059
0218,0060
0218,0061
0218,0062
0218,0063
0218,0064
0218,0065
0218,0066
0218,0067
0218,0068
0218,0069
0218,0070
0218,0071
0218,0072
0218,0073
0218,0074
0218,0075
0218,0076
0218,0077
0218,0078
0218,0079
0218,0080
0218,0081
0218,0082
0218,0083
0218,0084
0218,0085
0218,0086
0218,0087
0218,0088
0218,0089
0218,0090
0218,0091
0218,0092
0218,0093
0218,0094
0218,0095
0218,0096
0218,0097
0218,0098
0218,0099
0218,0100
0218,0101
0218,0102
0218,0103
0218,0104
0218,0105
0218,0106
0218,0107
0218,0108
0218,0109
0218,0110
0218,0111
0218,0112
0218,0113
0218,0114
0218,0115
0218,0116
0218,0117
0218,0118
0218,0119
0218,0120
0218,0121
0218,0122
0218,0123
0218,0124
0218,0125
0218,0126
0218,0127
0218,0128
0218,0129
0218,0130
0218,0131
0218,0132
0218,0133
0218,0134
0218,0135
0218,0136
0218,0178
0218,0179
0218,0180
0218,0218
0218,0315
0218,0341
0218,0342
0218,0370
0218,0371
0218,0393
0218,0401
0218,0402
0218,0410
0218,0411
0218,0491
0218,0492
0218,0493
0219,0026
0219,0137
0219,0138
0219,0139
0219,0140
0219,0141
0219,0142
0219,0143
0219,0144
0219,0145
0219,0146
0219,0147
0219,0148
0219,0149
0219,0150
0219,0151
0219,0152
0219,0153
0219,0154
0219,0155
0219,0156
0219,0157
0219,0158
0219,0159
0219,0160
0219,0161
0219,0162
0219,0163
0219,0164
0219,0176
0219,0177
0219,0178
0219,0216
0219,0217
0219,0314
0219,0315
0219,0340
0219,0341
0219,0371
0219,0372
0219,0393
0219,0400
0219,0401
0219,0409
0219,0410
0219,0489
0219,0490
0219,0491
0220,0026
0220,0165
0220,0173
0220,0174
0220,0175
0220,0313
0220,0314
0220,0339
0220,0340
0220,0372
0220,0393
0220,0401
0220,0408
0220,0409
0220,0488
0220,0489
0221,0026
0221,0166
0221,0170
0221,0171
0221,0172
0221,0311
0221,0312
0221,0313
0221,0338
0221,0339
0221,0372
0221,0373
0221,0393
0221,0407
0221,0408
0221,0485
0221,0486
0221,0487
0222,0026
0222,0167
0222,0168
0222,0169
0222,0308
0222,0309
0222,0310
0222,0311
0222,0337
0222,0338
0222,0372
0222,0393
0222,0406
0222,0407
0222,0438
0222,0439
0222,0482
0222,0483
0222,0484
0223,0026
0223,0167
0223,0168
0223,0305
0223,0306
0223,0307
0223,0308
0223,0336
0223,0337
0223,0353
0223,0372
0223,0393
0223,0405
0223,0406
0223,0479
0223,0480
0223,0481
0224,0026
0224,0167
0224,0168
0224,0304
0224,0305
0224,0336
0224,0353
0224,0372
0224,0373
0224,0393
0224,0478
0224,0479
0225,0026
0225,0166
0225,0167
0225,0302
0225,0303
0225,0304
0225,0352
0225,0353
0225,0372
0225,0393
0225,0477
0225,0478
0226,0026
0226,0165
0226,0166
0226,0301
0226,0302
0226,0318
0226,0319
0226,0351
0226,0352
0226,0359
0226,0372
0226,0394
0226,0476
0226,0477
0227,0026
0227,0163
0227,0164
0227,0165
0227,0300
0227,0301
0227,0317
0227,0318
0227,0350
0227,0351
0227,0359
0227,0372
0227,0394
0227,0475
0227,0476
0228,0027
0228,0162
0228,0163
0228,0299
0228,0300
0228,0316
0228,0317
0228,0349
0228,0350
0228,0358
0228,0371
0228,0372
0228,0394
0228,0475
0229,0027
0229,0161
0229,0162
0229,0298
0229,0299
0229,0315
0229,0316
0229,0347
0229,0348
0229,0349
0229,0358
0229,0371
0229,0393
0229,0394
0229,0474
0229,0475
0230,0027
0230,0033
0230,0161
0230,0297
0230,0298
0230,0314
0230,0315
0230,0345
0230,0346
0230,0347
0230,0358
0230,0370
0230,0371
0230,0390
0230,0391
0230,0392
0230,0393
0230,0394
0230,0395
0230,0474
0231,0027
0231,0034
0231,0035
0231,0036
0231,0037
0231,0038
0231,0039
0231,0040
0231,0041
0231,0042
0231,0043
0231,0044
0231,0045
0231,0046
0231,0047
0231,0048
0231,0049
0231,0160
0231,0295
0231,0296
0231,0297
0231,0298
0231,0313
0231,0344
0231,0345
0231,0346
0231,0358
0231,0369
0231,0370
0231,0388
0231,0389
0231,0390
0231,0395
0231,0396
0231,0397
0231,0406
0231,0407
0231,0464
0231,0465
0231,0466
0231,0473
0232,0027
0232,0050
0232,0051
0232,0052
0232,0053
0232,0054
0232,0055
0232,0056
0232,0057
0232,0058
0232,0059
0232,0060
0232,0061
0232,0062
0232,0063
0232,0064
0232,0065
0232,0066
0232,0067
0232,0068
0232,0069
0232,0070
0232,0071
0232,0072
0232,0073
0232,0074
0232,0159
0232,0297
0232,0298
0232,0311
0232,0312
0232,0343
0232,0344
0232,0357
0232,0367
0232,0368
0232,0369
0232,0385
0232,0386
0232,0387
0232,0396
0232,0397
0232,0405
0232,0406
0232,0407
0232,0454
0232,0457
0232,0458
0232,0459
0232,0460
0232,0461
0232,0462
0232,0463
0232,0473
0233,0027
0233,0075
0233,0076
0233,0077
0233,0078
0233,0079
0233,0080
0233,0081
0233,0082
0233,0083
0233,0084
0233,0085
0233,0086
0233,0087
0233,0088
0233,0089
0233,0090
0233,0091
0233,0092
0233,0093
0233,0094
0233,0095
0233,0096
0233,0097
0233,0098
0233,0099
0233,0100
0233,0101
0233,0102
0233,0103
0233,0104
0233,0105
0233,0106
0233,0107
0233,0108
0233,0109
0233,0110
0233,0111
0233,0130
0233,0131
0233,0132
0233,0133
0233,0134
0233,0135
0233,0136
0233,0137
0233,0138
0233,0139
0233,0140
0233,0141
0233,0142
0233,0143
0233,0158
0233,0298
0233,0310
0233,0311
0233,0343
0233,0366
0233,0367
0233,0383
0233,0384
0233,0397
0233,0404
0233,0405
0233,0406
0233,0407
0233,0454
0233,0455
0233,0456
0233,0473
0234,0027
0234,0112
0234,0113
0234,0114
0234,0115
0234,0116
0234,0117
0234,0118
0234,0124
0234,0125
0234,0126
0234,0127
0234,0128
0234,0129
0234,0144
0234,0145
0234,0146
0234,0147
0234,0148
0234,0149
0234,0150
0234,0151
0234,0152
0234,0153
0234,0154
0234,0155
0234,0156
0234,0157
0234,0158
0234,0309
0234,0310
0234,0342
0234,0343
0234,0363
0234,0364
0234,0365
0234,0366
0234,0382
0234,0397
0234,0398
0234,0403
0234,0404
0234,0405
0234,0406
0234,0407
0234,0408
0234,0453
0234,0454
0234,0455
0234,0472
0235,0027
0235,0118
0235,0119
0235,0120
0235,0121
0235,0122
0235,0123
0235,0124
0235,0125
0235,0126
0235,0158
0235,0159
0235,0308
0235,0309
0235,0342
0235,0361
0235,0362
0235,0379
0235,0380
0235,0381
0235,0396
0235,0397
0235,0398
0235,0399
0235,0400
0235,0401
0235,0402
0235,0429
0235,0454
0235,0455
0235,0471
0235,0472
0236,0027
0236,0028
0236,0119
0236,0159
0236,0160
0236,0161
0236,0308
0236,0341
0236,0378
0236,0379
0236,0395
0236,0396
0236,0417
0236,0418
0236,0429
0236,0430
0236,0455
0236,0471
0237,0028
0237,0029
0237,0162
0237,0163
0237,0164
0237,0165
0237,0166
0237,0167
0237,0168
0237,0169
0237,0170
0237,0182
0237,0183
0237,0184
0237,0185
0237,0194
0237,0195
0237,0196
0237,0197
0237,0198
0237,0199
0237,0200
0237,0201
0237,0202
0237,0203
0237,0204
0237,0205
0237,0308
0237,0341
0237,0376
0237,0377
0237,0378
0237,0392
0237,0393
0237,0394
0237,0395
0237,0416
0237,0417
0237,0430
0237,0431
0237,0451
0237,0455
0237,0456
0237,0470
0237,0471
0238,0029
0238,0030
0238,0171
0238,0172
0238,0173
0238,0174
0238,0175
0238,0176
0238,0177
0238,0178
0238,0179
0238,0180
0238,0181
0238,0186
0238,0187
0238,0188
0238,0189
0238,0190
0238,0191
0238,0192
0238,0193
0238,0194
0238,0206
0238,0207
0238,0208
0238,0209
0238,0210
0238,0308
0238,0341
0238,0373
0238,0374
0238,0375
0238,0376
0238,0392
0238,0393
0238,0394
0238,0415
0238,0416
0238,0431
0238,0432
0238,0450
0238,0456
0238,0457
0238,0469
0238,0470
0239,0030
0239,0031
0239,0032
0239,0033
0239,0175
0239,0176
0239,0177
0239,0178
0239,0209
0239,0210
0239,0211
0239,0307
0239,0340
0239,0371
0239,0372
0239,0373
0239,0391
0239,0392
0239,0414
0239,0415
0239,0432
0239,0449
0239,0450
0239,0457
0239,0467
0239,0468
0239,0469
0240,0034
0240,0035
0240,0036
0240,0058
0240,0059
0240,0060
0240,0061
0240,0062
0240,0063
0240,0064
0240,0065
0240,0066
0240,0086
0240,0087
0240,0088
0240,0089
0240,0090
0240,0091
0240,0211
0240,0212
0240,0228
0240,0229
0240,0230
0240,0307
0240,0331
0240,0340
0240,0369
0240,0370
0240,0371
0240,0390
0240,0391
0240,0412
0240,0413
0240,0414
0240,0449
0240,0457
0240,0466
0240,0467
0241,0036
0241,0037
0241,0038
0241,0081
0241,0082
0241,0083
0241,0084
0241,0085
0241,0089
0241,0090
0241,0126
0241,0127
0241,0128
0241,0129
0241,0130
0241,0131
0241,0132
0241,0133
0241,0134
0241,0135
0241,0136
0241,0137
0241,0138
0241,0139
0241,0140
0241,0141
0241,0142
0241,0143
0241,0144
0241,0145
0241,0213
0241,0214
0241,0215
0241,0222
0241,0223
0241,0224
0241,0225
0241,0226
0241,0227
0241,0231
0241,0232
0241,0307
0241,0330
0241,0331
0241,0339
0241,0340
0241,0368
0241,0369
0241,0389
0241,0390
0241,0410
0241,0411
0241,0412
0241,0435
0241,0436
0241,0437
0241,0441
0241,0442
0241,0443
0241,0448
0241,0449
0241,0457
0241,0458
0241,0463
0241,0464
0241,0465
0241,0466
0242,0038
0242,0039
0242,0040
0242,0079
0242,0080
0242,0081
0242,0090
0242,0114
0242,0115
0242,0116
0242,0123
0242,0124
0242,0125
0242,0176
0242,0216
0242,0217
0242,0218
0242,0219
0242,0220
0242,0221
0242,0232
0242,0233
0242,0329
0242,0330
0242,0339
0242,0366
0242,0367
0242,0368
0242,0387
0242,0388
0242,0389
0242,0405
0242,0406
0242,0407
0242,0408
0242,0409
0242,0410
0242,0434
0242,0438
0242,0439
0242,0440
0242,0448
0242,0458
0242,0459
0242,0460
0242,0461
0242,0462
0242,0463
0242,0464
0243,0040
0243,0041
0243,0042
0243,0078
0243,0079
0243,0080
0243,0113
0243,0114
0243,0117
0243,0118
0243,0119
0243,0120
0243,0121
0243,0122
0243,0176
0243,0217
0243,0218
0243,0219
0243,0220
0243,0233
0243,0328
0243,0329
0243,0338
0243,0339
0243,0365
0243,0366
0243,0386
0243,0387
0244,0042
0244,0043
0244,0078
0244,0079
0244,0162
0244,0163
0244,0164
0244,0176
0244,0218
0244,0219
0244,0233
0244,0234
0244,0328
0244,0337
0244,0338
0244,0364
0244,0365
0244,0385
0244,0386
0244,0433
0245,0043
0245,0044
0245,0045
0245,0079
0245,0090
0245,0159
0245,0160
0245,0161
0245,0165
0245,0166
0245,0167
0245,0168
0245,0169
0245,0172
0245,0176
0245,0219
0245,0234
0245,0327
0245,0328
0245,0336
0245,0337
0245,0364
0245,0385
0245,0393
0245,0394
0245,0432
0245,0433
0246,0045
0246,0046
0246,0089
0246,0090
0246,0157
0246,0158
0246,0159
0246,0169
0246,0170
0246,0171
0246,0177
0246,0234
0246,0235
0246,0327
0246,0335
0246,0336
0246,0363
0246,0364
0246,0385
0246,0392
0246,0431
0246,0432
0247,0046
0247,0047
0247,0048
0247,0061
0247,0062
0247,0063
0247,0064
0247,0065
0247,0087
0247,0088
0247,0089
0247,0156
0247,0157
0247,0158
0247,0170
0247,0171
0247,0177
0247,0178
0247,0218
0247,0228
0247,0229
0247,0230
0247,0231
0247,0235
0247,0236
0247,0237
0247,0258
0247,0259
0247,0260
0247,0261
0247,0262
0247,0263
0247,0326
0247,0327
0247,0334
0247,0335
0247,0362
0247,0363
0247,0385
0247,0429
0247,0430
0247,0431
0248,0048
0248,0049
0248,0076
0248,0077
0248,0078
0248,0079
0248,0080
0248,0081
0248,0084
0248,0085
0248,0086
0248,0087
0248,0156
0248,0157
0248,0158
0248,0170
0248,0171
0248,0177
0248,0178
0248,0179
0248,0218
0248,0227
0248,0228
0248,0229
0248,0230
0248,0237
0248,0238
0248,0251
0248,0252
0248,0253
0248,0254
0248,0255
0248,0256
0248,0257
0248,0264
0248,0265
0248,0266
0248,0267
0248,0268
0248,0269
0248,0270
0248,0271
0248,0272
0248,0273
0248,0274
0248,0275
0248,0276
0248,0277
0248,0278
0248,0279
0248,0280
0248,0281
0248,0282
0248,0283
0248,0284
0248,0285
0248,0286
0248,0287
0248,0291
0248,0292
0248,0293
0248,0294
0248,0295
0248,0296
0248,0297
0248,0326
0248,0333
0248,0334
0248,0361
0248,0362
0248,0385
0248,0428
0248,0429
0249,0049
0249,0050
0249,0081
0249,0082
0249,0083
0249,0158
0249,0171
0249,0172
0249,0176
0249,0177
0249,0178
0249,0179
0249,0180
0249,0181
0249,0182
0249,0183
0249,0184
0249,0185
0249,0218
0249,0219
0249,0226
0249,0227
0249,0239
0249,0240
0249,0241
0249,0248
0249,0249
0249,0250
0249,0288
0249,0289
0249,0290
0249,0297
0249,0298
0249,0325
0249,0326
0249,0333
0249,0359
0249,0360
0249,0361
0249,0385
0249,0400
0249,0427
0249,0428
0250,0050
0250,0051
0250,0052
0250,0111
0250,0112
0250,0113
0250,0114
0250,0122
0250,0123
0250,0124
0250,0171
0250,0172
0250,0173
0250,0174
0250,0175
0250,0176
0250,0186
0250,0187
0250,0188
0250,0189
0250,0190
0250,0191
0250,0192
0250,0193
0250,0194
0250,0195
0250,0196
0250,0197
0250,0198
0250,0199
0250,0200
0250,0201
0250,0202
0250,0203
0250,0204
0250,0205
0250,0206
0250,0207
0250,0208
0250,0209
0250,0210
0250,0211
0250,0212
0250,0218
0250,0219
0250,0220
0250,0225
0250,0226
0250,0242
0250,0243
0250,0244
0250,0245
0250,0246
0250,0247
0250,0298
0250,0299
0250,0324
0250,0325
0250,0332
0250,0333
0250,0357
0250,0358
0250,0359
0250,0385
0250,0399
0250,0400
0250,0423
0250,0426
0250,0427
0251,0052
0251,0053
0251,0054
0251,0114
0251,0115
0251,0116
0251,0117
0251,0118
0251,0119
0251,0120
0251,0121
0251,0170
0251,0171
0251,0172
0251,0173
0251,0174
0251,0175
0251,0213
0251,0214
0251,0220
0251,0221
0251,0222
0251,0223
0251,0224
0251,0299
0251,0320
0251,0321
0251,0322
0251,0323
0251,0324
0251,0332
0251,0355
0251,0356
0251,0357
0251,0385
0251,0386
0251,0398
0251,0399
0251,0426
0251,0427
0251,0436
0251,0450
0252,0054
0252,0055
0252,0056
0252,0154
0252,0155
0252,0156
0252,0165
0252,0166
0252,0167
0252,0168
0252,0169
0252,0170
0252,0174
0252,0175
0252,0299
0252,0313
0252,0314
0252,0315
0252,0316
0252,0317
0252,0318
0252,0319
0252,0331
0252,0353
0252,0354
0252,0355
0252,0385
0252,0386
0252,0396
0252,0397
0252,0398
0252,0427
0252,0436
0252,0437
0252,0447
0252,0448
0252,0449
0252,0450
0252,0451
0253,0056
0253,0057
0253,0153
0253,0154
0253,0155
0253,0156
0253,0157
0253,0158
0253,0159
0253,0160
0253,0161
0253,0162
0253,0163
0253,0164
0253,0299
0253,0312
0253,0313
0253,0314
0253,0331
0253,0351
0253,0352
0253,0353
0253,0384
0253,0385
0253,0427
0253,0436
0253,0446
0253,0447
0253,0451
0253,0452
0254,0057
0254,0058
0254,0059
0254,0152
0254,0153
0254,0299
0254,0311
0254,0312
0254,0330
0254,0349
0254,0350
0254,0351
0254,0365
0254,0383
0254,0384
0254,0408
0254,0427
0254,0435
0254,0436
0254,0445
0254,0446
0254,0452
0255,0060
0255,0061
0255,0062
0255,0063
0255,0064
0255,0065
0255,0299
0255,0310
0255,0311
0255,0330
0255,0348
0255,0349
0255,0363
0255,0364
0255,0382
0255,0383
0255,0406
0255,0407
0255,0427
0255,0435
0255,0445
0255,0452
0256,0065
0256,0066
0256,0067
0256,0298
0256,0309
0256,0310
0256,0329
0256,0347
0256,0348
0256,0381
0256,0382
0256,0403
0256,0404
0256,0405
0256,0427
0256,0434
0256,0435
0256,0445
0256,0452
0257,0067
0257,0068
0257,0297
0257,0298
0257,0309
0257,0329
0257,0346
0257,0347
0257,0379
0257,0380
0257,0381
0257,0400
0257,0401
0257,0402
0257,0426
0257,0434
0257,0444
0257,0445
0257,0452
0257,0458
0258,0068
0258,0295
0258,0296
0258,0297
0258,0298
0258,0299
0258,0308
0258,0309
0258,0329
0258,0345
0258,0346
0258,0379
0258,0380
0258,0397
0258,0398
0258,0399
0258,0426
0258,0433
0258,0434
0258,0444
0258,0452
0258,0453
0258,0459
0259,0068
0259,0069
0259,0294
0259,0295
0259,0299
0259,0300
0259,0301
0259,0307
0259,0308
0259,0329
0259,0344
0259,0345
0259,0378
0259,0379
0259,0418
0259,0426
0259,0433
0259,0443
0259,0444
0259,0452
0259,0453
0260,0069
0260,0293
0260,0294
0260,0307
0260,0308
0260,0329
0260,0343
0260,0344
0260,0378
0260,0411
0260,0417
0260,0418
0260,0425
0260,0433
0260,0443
0260,0451
0260,0452
0261,0069
0261,0283
0261,0284
0261,0285
0261,0286
0261,0287
0261,0288
0261,0289
0261,0290
0261,0291
0261,0292
0261,0293
0261,0308
0261,0328
0261,0329
0261,0333
0261,0334
0261,0335
0261,0336
0261,0337
0261,0338
0261,0339
0261,0340
0261,0341
0261,0342
0261,0343
0261,0356
0261,0357
0261,0358
0261,0359
0261,0360
0261,0361
0261,0377
0261,0378
0261,0410
0261,0411
0261,0416
0261,0417
0261,0425
0261,0432
0261,0433
0261,0442
0261,0443
0261,0451
0262,0069
0262,0221
0262,0222
0262,0223
0262,0279
0262,0280
0262,0281
0262,0282
0262,0308
0262,0309
0262,0328
0262,0329
0262,0330
0262,0340
0262,0341
0262,0342
0262,0352
0262,0353
0262,0354
0262,0355
0262,0376
0262,0377
0262,0408
0262,0409
0262,0410
0262,0411
0262,0412
0262,0415
0262,0416
0262,0417
0262,0424
0262,0431
0262,0432
0262,0441
0262,0442
0262,0450
0262,0451
0263,0070
0263,0218
0263,0219
0263,0220
0263,0276
0263,0277
0263,0278
0263,0308
0263,0309
0263,0328
0263,0329
0263,0330
0263,0351
0263,0352
0263,0375
0263,0376
0263,0407
0263,0408
0263,0412
0263,0413
0263,0414
0263,0415
0263,0424
0263,0431
0263,0440
0263,0441
0263,0442
0263,0450
0264,0070
0264,0156
0264,0157
0264,0158
0264,0159
0264,0160
0264,0161
0264,0167
0264,0168
0264,0215
0264,0216
0264,0217
0264,0268
0264,0273
0264,0274
0264,0275
0264,0276
0264,0307
0264,0308
0264,0309
0264,0310
0264,0319
0264,0328
0264,0329
0264,0374
0264,0375
0264,0405
0264,0406
0264,0407
0264,0413
0264,0430
0264,0431
0264,0442
0264,0449
0264,0450
0265,0070
0265,0071
0265,0151
0265,0152
0265,0153
0265,0154
0265,0155
0265,0169
0265,0170
0265,0171
0265,0186
0265,0187
0265,0188
0265,0211
0265,0212
0265,0213
0265,0214
0265,0247
0265,0248
0265,0249
0265,0257
0265,0258
0265,0259
0265,0260
0265,0261
0265,0262
0265,0263
0265,0264
0265,0265
0265,0266
0265,0267
0265,0274
0265,0275
0265,0296
0265,0301
0265,0304
0265,0305
0265,0308
0265,0309
0265,0310
0265,0311
0265,0312
0265,0313
0265,0314
0265,0315
0265,0316
0265,0317
0265,0318
0265,0319
0265,0320
0265,0328
0265,0372
0265,0373
0265,0374
0265,0404
0265,0405
0265,0428
0265,0429
0265,0430
0265,0449
0266,0071
0266,0148
0266,0149
0266,0150
0266,0172
0266,0173
0266,0174
0266,0175
0266,0176
0266,0177
0266,0178
0266,0179
0266,0180
0266,0181
0266,0182
0266,0183
0266,0184
0266,0185
0266,0189
0266,0192
0266,0193
0266,0209
0266,0210
0266,0275
0266,0297
0266,0298
0266,0299
0266,0300
0266,0301
0266,0302
0266,0303
0266,0370
0266,0371
0266,0372
0266,0403
0266,0404
0266,0427
0266,0448
0266,0449
0267,0071
0267,0072
0267,0275
0267,0368
0267,0369
0267,0370
0267,0401
0267,0402
0267,0403
0267,0425
0267,0426
0267,0447
0267,0448
0268,0072
0268,0073
0268,0074
0268,0274
0268,0275
0268,0367
0268,0368
0268,0400
0268,0401
0268,0423
0268,0424
0268,0446
0268,0447
0269,0074
0269,0075
0269,0076
0269,0227
0269,0273
0269,0274
0269,0366
0269,0367
0269,0399
0269,0400
0269,0444
0269,0445
0269,0446
0270,0076
0270,0077
0270,0078
0270,0227
0270,0228
0270,0271
0270,0272
0270,0328
0270,0329
0270,0365
0270,0366
0270,0398
0270,0399
0270,0442
0270,0443
0271,0078
0271,0079
0271,0080
0271,0228
0271,0253
0271,0254
0271,0255
0271,0256
0271,0257
0271,0258
0271,0269
0271,0270
0271,0327
0271,0328
0271,0329
0271,0330
0271,0331
0271,0332
0271,0333
0271,0334
0271,0335
0271,0336
0271,0337
0271,0338
0271,0339
0271,0364
0271,0365
0271,0397
0271,0398
0271,0411
0271,0440
0271,0441
0272,0080
0272,0081
0272,0082
0272,0249
0272,0250
0272,0251
0272,0252
0272,0253
0272,0258
0272,0259
0272,0316
0272,0317
0272,0318
0272,0319
0272,0320
0272,0321
0272,0322
0272,0323
0272,0361
0272,0362
0272,0363
0272,0364
0272,0395
0272,0396
0272,0397
0272,0407
0272,0411
0272,0412
0272,0438
0272,0439
0272,0440
0273,0082
0273,0083
0273,0246
0273,0247
0273,0248
0273,0249
0273,0259
0273,0260
0273,0358
0273,0359
0273,0360
0273,0392
0273,0393
0273,0394
0273,0395
0273,0405
0273,0406
0273,0407
0273,0412
0273,0413
0273,0430
0273,0431
0273,0432
0273,0433
0273,0434
0273,0435
0273,0436
0273,0437
0273,0438
0274,0084
0274,0085
0274,0086
0274,0246
0274,0260
0274,0261
0274,0356
0274,0357
0274,0358
0274,0383
0274,0384
0274,0385
0274,0386
0274,0387
0274,0388
0274,0389
0274,0390
0274,0391
0274,0404
0274,0405
0274,0427
0274,0428
0274,0429
0274,0435
0275,0086
0275,0087
0275,0088
0275,0261
0275,0354
0275,0355
0275,0356
0275,0380
0275,0381
0275,0382
0275,0403
0275,0404
0275,0424
0275,0425
0275,0426
0276,0088
0276,0089
0276,0261
0276,0352
0276,0353
0276,0354
0276,0377
0276,0378
0276,0379
0276,0402
0276,0403
0276,0421
0276,0422
0276,0423
0277,0089
0277,0090
0277,0260
0277,0261
0277,0343
0277,0344
0277,0345
0277,0346
0277,0347
0277,0348
0277,0349
0277,0350
0277,0351
0277,0352
0277,0373
0277,0374
0277,0375
0277,0376
0277,0401
0277,0402
0277,0418
0277,0419
0277,0420
0278,0090
0278,0259
0278,0260
0278,0312
0278,0332
0278,0333
0278,0334
0278,0335
0278,0336
0278,0337
0278,0338
0278,0339
0278,0340
0278,0341
0278,0342
0278,0346
0278,0347
0278,0348
0278,0349
0278,0369
0278,0370
0278,0371
0278,0372
0278,0400
0278,0401
0278,0414
0278,0415
0278,0416
0278,0417
0279,0090
0279,0252
0279,0253
0279,0254
0279,0255
0279,0256
0279,0257
0279,0258
0279,0259
0279,0311
0279,0312
0279,0313
0279,0314
0279,0315
0279,0316
0279,0317
0279,0318
0279,0319
0279,0320
0279,0321
0279,0322
0279,0323
0279,0324
0279,0325
0279,0326
0279,0327
0279,0328
0279,0329
0279,0330
0279,0331
0279,0366
0279,0367
0279,0368
0279,0398
0279,0399
0279,0476
0279,0482
0280,0091
0280,0249
0280,0250
0280,0251
0280,0363
0280,0364
0280,0365
0280,0475
0280,0476
0280,0482
0281,0091
0281,0245
0281,0246
0281,0247
0281,0248
0281,0360
0281,0361
0281,0362
0281,0363
0281,0475
0281,0482
0282,0091
0282,0237
0282,0238
0282,0239
0282,0240
0282,0241
0282,0242
0282,0243
0282,0244
0282,0357
0282,0358
0282,0359
0282,0360
0282,0474
0282,0475
0282,0482
0283,0090
0283,0227
0283,0228
0283,0229
0283,0230
0283,0231
0283,0232
0283,0233
0283,0234
0283,0235
0283,0236
0283,0348
0283,0358
0283,0474
0283,0482
0284,0090
0284,0213
0284,0214
0284,0215
0284,0216
0284,0217
0284,0218
0284,0219
0284,0220
0284,0221
0284,0222
0284,0223
0284,0224
0284,0225
0284,0226
0284,0348
0284,0349
0284,0350
0284,0354
0284,0412
0284,0420
0284,0421
0284,0422
0284,0423
0284,0473
0284,0474
0284,0482
0285,0090
0285,0204
0285,0205
0285,0206
0285,0207
0285,0208
0285,0209
0285,0210
0285,0211
0285,0212
0285,0350
0285,0351
0285,0352
0285,0353
0285,0412
0285,0413
0285,0414
0285,0415
0285,0416
0285,0417
0285,0418
0285,0419
0285,0420
0285,0473
0285,0481
0285,0482
0286,0089
0286,0201
0286,0202
0286,0203
0286,0204
0286,0352
0286,0472
0286,0473
0286,0480
0286,0481
0287,0089
0287,0181
0287,0182
0287,0183
0287,0184
0287,0185
0287,0186
0287,0187
0287,0188
0287,0189
0287,0190
0287,0191
0287,0192
0287,0193
0287,0194
0287,0200
0287,0201
0287,0202
0287,0438
0287,0472
0287,0480
0288,0089
0288,0177
0288,0178
0288,0179
0288,0180
0288,0191
0288,0192
0288,0199
0288,0200
0288,0201
0288,0438
0288,0479
0288,0480
0289,0089
0289,0175
0289,0176
0289,0177
0289,0201
0289,0438
0289,0479
0290,0089
0290,0173
0290,0174
0290,0175
0290,0202
0290,0438
0290,0478
0290,0479
0291,0089
0291,0171
0291,0172
0291,0173
0291,0202
0291,0438
0291,0478
0292,0090
0292,0202
0292,0438
0292,0477
0292,0478
0293,0090
0293,0201
0293,0202
0293,0438
0293,0476
0293,0477
0294,0090
0294,0091
0294,0201
0294,0438
0294,0475
0294,0476
0295,0091
0295,0092
0295,0200
0295,0475
0296,0092
0296,0199
0296,0200
0296,0463
0296,0464
0296,0474
0296,0475
0297,0092
0297,0175
0297,0176
0297,0177
0297,0178
0297,0179
0297,0180
0297,0181
0297,0182
0297,0183
0297,0184
0297,0185
0297,0186
0297,0187
0297,0188
0297,0197
0297,0198
0297,0199
0297,0463
0297,0464
0297,0473
0297,0474
0298,0093
0298,0197
0298,0198
0298,0199
0298,0462
0298,0463
0298,0464
0298,0472
0298,0473
0299,0093
0299,0199
0299,0200
0299,0438
0299,0439
0299,0440
0299,0441
0299,0442
0299,0443
0299,0444
0299,0445
0299,0446
0299,0447
0299,0448
0299,0449
0299,0450
0299,0451
0299,0452
0299,0453
0299,0454
0299,0455
0299,0456
0299,0457
0299,0458
0299,0459
0299,0460
0299,0461
0299,0462
0299,0463
0299,0471
0299,0472
0300,0093
0300,0200
0300,0201
0300,0202
0300,0210
0300,0211
0300,0212
0300,0213
0300,0214
0300,0435
0300,0436
0300,0437
0300,0438
0300,0459
0300,0460
0300,0461
0300,0462
0300,0470
0300,0471
0301,0093
0301,0203
0301,0204
0301,0205
0301,0206
0301,0207
0301,0208
0301,0209
0301,0435
0301,0436
0301,0437
0301,0460
0301,0461
0301,0469
0301,0470
0302,0093
0302,0435
0302,0436
0302,0460
0302,0461
0302,0468
0302,0469
0303,0093
0303,0212
0303,0213
0303,0435
0303,0460
0303,0467
0303,0468
0304,0092
0304,0093
0304,0213
0304,0214
0304,0223
0304,0224
0304,0225
0304,0226
0304,0227
0304,0228
0304,0229
0304,0230
0304,0231
0304,0435
0304,0465
0304,0466
0304,0467
0305,0066
0305,0067
0305,0068
0305,0069
0305,0070
0305,0071
0305,0072
0305,0073
0305,0074
0305,0075
0305,0076
0305,0077
0305,0078
0305,0079
0305,0080
0305,0090
0305,0091
0305,0092
0305,0214
0305,0215
0305,0216
0305,0217
0305,0218
0305,0219
0305,0220
0305,0221
0305,0222
0305,0232
0305,0233
0305,0234
0305,0235
0305,0236
0305,0237
0305,0238
0305,0239
0305,0240
0305,0241
0305,0242
0305,0243
0305,0244
0305,0245
0305,0435
0305,0463
0305,0464
0305,0465
0306,0060
0306,0061
0306,0064
0306,0065
0306,0081
0306,0082
0306,0083
0306,0084
0306,0085
0306,0086
0306,0087
0306,0088
0306,0089
0306,0090
0306,0245
0306,0246
0306,0434
0306,0435
0306,0462
0306,0463
0307,0060
0307,0061
0307,0062
0307,0063
0307,0064
0307,0246
0307,0435
0307,0436
0307,0460
0307,0461
0307,0462
0308,0060
0308,0061
0308,0062
0308,0246
0308,0247
0308,0435
0308,0436
0308,0437
0308,0457
0308,0458
0308,0459
0308,0460
0309,0247
0309,0349
0309,0435
0309,0436
0309,0437
0309,0438
0309,0439
0309,0440
0309,0441
0309,0442
0309,0443
0309,0444
0309,0454
0309,0455
0309,0456
0309,0457
0310,0084
0310,0247
0310,0349
0310,0445
0310,0446
0310,0447
0310,0448
0310,0449
0310,0450
0310,0451
0310,0452
0310,0453
0311,0020
0311,0021
0311,0022
0311,0023
0311,0024
0311,0025
0311,0026
0311,0027
0311,0028
0311,0029
0311,0030
0311,0031
0311,0032
0311,0033
0311,0034
0311,0035
0311,0036
0311,0037
0311,0038
0311,0039
0311,0040
0311,0041
0311,0042
0311,0043
0311,0044
0311,0045
0311,0046
0311,0047
0311,0048
0311,0049
0311,0050
0311,0051
0311,0052
0311,0053
0311,0054
0311,0084
0311,0247
0311,0350
0311,0481
0311,0482
0311,0483
0311,0484
0311,0485
0311,0486
0311,0487
0311,0488
0311,0489
0311,0490
0311,0491
0311,0492
0311,0493
0311,0494
0311,0495
0311,0496
0311,0497
0311,0498
0311,0499
0311,0500
0311,0501
0311,0502
0311,0503
0311,0504
0311,0505
0311,0506
0311,0507
0311,0508
0311,0509
0311,0510
0312,0010
0312,0011
0312,0012
0312,0013
0312,0014
0312,0015
0312,0016
0312,0017
0312,0018
0312,0019
0312,0070
0312,0071
0312,0072
0312,0073
0312,0074
0312,0083
0312,0247
0312,0248
0312,0350
0312,0351
0312,0433
0312,0467
0312,0468
0312,0469
0312,0470
0312,0471
0312,0472
0312,0473
0312,0474
0312,0475
0312,0476
0312,0477
0312,0478
0312,0479
0312,0480
0313,0000
0313,0001
0313,0002
0313,0003
0313,0004
0313,0005
0313,0006
0313,0007
0313,0008
0313,0009
0313,0083
0313,0247
0313,0248
0313,0249
0313,0351
0313,0432
0313,0433
0314,0082
0314,0249
0314,0250
0314,0251
0314,0252
0314,0253
0315,0082
0315,0253
0315,0254
0315,0255
0316,0082
0316,0254
0316,0255
0317,0082
0317,0255
0318,0082
0318,0256
0319,0081
0319,0257
0320,0080
0320,0081
0320,0257
0320,0258
0320,0262
0320,0263
0320,0264
0320,0265
0320,0266
0320,0267
0320,0268
0320,0269
0320,0270
0320,0271
0320,0272
0321,0079
0321,0080
0321,0258
0321,0259
0321,0260
0321,0261
0322,0077
0322,0078
0322,0079
0323,0076
0323,0077
0324,0074
0324,0075
0324,0076
0325,0073
0325,0074
0326,0069
0326,0070
0326,0071
0326,0072
0326,0430
0327,0065
0327,0066
0327,0067
0327,0068
0327,0430
0328,0064
0328,0065
0328,0430
0329,0062
0329,0063
0329,0064
0329,0429
0329,0430
0330,0061
0330,0062
0330,0430
0331,0059
0331,0060
0331,0061
0331,0263
0331,0264
0331,0265
0331,0266
0331,0267
0331,0268
0331,0269
0331,0270
0331,0271
0331,0272
0331,0273
0331,0274
0331,0275
0331,0276
0331,0277
0331,0430
0332,0058
0332,0059
0332,0278
0332,0279
0332,0280
0332,0430
0332,0431
0333,0056
0333,0057
0333,0280
0333,0281
0333,0282
0333,0431
0334,0054
0334,0055
0334,0056
0334,0282
0334,0283
0334,0284
0334,0431
0334,0432
0335,0052
0335,0053
0335,0054
0335,0284
0335,0285
0335,0432
0336,0051
0336,0052
0336,0287
0336,0288
0336,0432
0336,0433
0337,0050
0337,0051
0337,0288
0337,0289
0337,0290
0337,0433
0337,0434
0337,0435
0338,0049
0338,0050
0338,0290
0338,0291
0338,0292
0338,0299
0338,0300
0338,0301
0338,0302
0338,0303
0338,0304
0338,0305
0338,0306
0338,0307
0338,0310
0338,0311
0338,0312
0338,0313
0338,0314
0338,0315
0338,0316
0338,0317
0338,0318
0338,0319
0338,0320
0338,0321
0338,0322
0338,0323
0338,0324
0338,0325
0338,0326
0338,0435
0338,0436
0338,0437
0339,0048
0339,0049
0339,0293
0339,0294
0339,0295
0339,0296
0339,0297
0339,0298
0339,0308
0339,0309
0339,0437
0339,0438
0339,0439
0339,0440
0339,0441
0340,0046
0340,0047
0340,0048
0340,0440
0340,0441
0340,0442
0341,0044
0341,0045
0341,0046
0342,0041
0342,0042
0342,0043
0342,0478
0342,0479
0342,0480
0342,0481
0342,0482
0343,0038
0343,0039
0343,0040
0343,0454
0343,0455
0343,0456
0343,0457
0343,0458
0343,0459
0343,0460
0343,0461
0343,0462
0343,0463
0343,0464
0343,0465
0343,0466
0343,0467
0343,0468
0343,0469
0344,0026
0344,0027
0344,0028
0344,0029
0344,0030
0344,0031
0344,0032
0344,0035
0344,0036
0344,0037
0344,0448
0344,0449
0344,0450
0344,0451
0344,0452
0344,0453
0345,0024
0345,0025
0345,0033
0345,0034
0346,0022
0346,0023
0346,0024
0347,0021
0347,0022
0348,0019
0348,0020
0348,0021
0349,0018
0349,0019
0350,0017
0350,0018
0351,0015
0351,0016
0351,0017
0352,0012
0352,0013
0352,0014
0352,0015
0352,0509
0353,0000
0353,0001
0353,0002
0353,0003
0353,0004
0353,0005
0353,0006
0353,0007
0353,0008
0353,0009
0353,0010
0353,0011
0353,0335
0353,0510
0354,0335
0355,0335
0356,0335
0356,0421
0357,0335
0357,0421
0357,0509
0358,0334
0358,0421
0358,0491
0358,0492
0358,0493
0358,0494
0358,0495
0358,0502
0358,0505
0358,0508
0358,0509
0359,0334
0359,0421
0359,0488
0359,0489
0359,0490
0359,0505
0359,0506
0359,0507
0359,0508
0359,0509
0360,0334
0360,0487
0360,0488
0360,0505
0360,0506
0360,0507
0360,0508
0361,0334
0361,0505
0361,0506
0361,0507
0362,0334
0362,0505
0362,0506
0363,0333
0363,0505
0364,0333
0364,0504
0364,0505
0365,0333
0365,0503
0365,0504
0366,0333
0366,0503
0366,0504
0367,0333
0367,0502
0367,0503
0367,0504
0368,0333
0368,0502
0368,0503
0369,0333
0369,0501
0369,0502
0369,0503
0370,0333
0370,0502
0371,0332
0371,0333
0371,0502
0372,0331
0372,0332
0372,0501
0373,0330
0373,0331
0373,0499
0373,0500
0373,0501
0374,0329
0374,0330
0374,0499
0374,0500
0374,0501
0375,0328
0375,0329
0376,0327
0376,0328
0377,0326
0377,0327
0378,0325
0378,0326
0379,0324
0379,0325
0380,0323
0380,0324
0381,0323
0381,0508
0381,0509
0381,0510
0382,0323
